num_hidden_layers,max_hidden_size,min_hidden_size,activation_function,train_accuracy,test_accuracy
5,56,21,LeakyReLU,0.8272921108742004,0.3050847457627119
5,97,16,Sigmoid,0.15565031982942432,0.13559322033898305
4,92,14,Sigmoid,0.15565031982942432,0.13559322033898305
4,95,10,LeakyReLU,0.8230277185501066,0.2457627118644068
5,99,15,ReLU,0.8699360341151386,0.2711864406779661
5,62,25,ReLU,0.906183368869936,0.23728813559322035
5,99,17,LeakyReLU,0.8315565031982942,0.2711864406779661
3,100,33,ReLU,0.8763326226012793,0.288135593220339
5,75,20,Tanh,0.2046908315565032,0.11864406779661017
4,93,23,Tanh,0.2302771855010661,0.11016949152542373
3,78,19,ReLU,0.8678038379530917,0.2542372881355932
3,72,31,Sigmoid,0.15565031982942432,0.13559322033898305
4,80,22,Sigmoid,0.15565031982942432,0.13559322033898305
4,68,17,Tanh,0.2302771855010661,0.11016949152542373
3,96,14,ReLU,0.7761194029850746,0.2627118644067797
3,76,26,Tanh,0.2771855010660981,0.1864406779661017
3,94,64,ReLU,0.8891257995735607,0.2796610169491525
4,94,22,ReLU,0.8976545842217484,0.3050847457627119
5,96,27,Sigmoid,0.15565031982942432,0.13559322033898305
5,72,23,Sigmoid,0.15565031982942432,0.13559322033898305
3,96,41,LeakyReLU,0.8997867803837953,0.2796610169491525
5,91,14,Tanh,0.232409381663113,0.15254237288135594
4,96,13,Tanh,0.18763326226012794,0.11016949152542373
5,55,11,ReLU,0.7292110874200426,0.23728813559322035
5,65,28,ReLU,0.929637526652452,0.2711864406779661
3,48,10,Sigmoid,0.15565031982942432,0.13559322033898305
5,72,10,Sigmoid,0.15565031982942432,0.13559322033898305
4,55,15,LeakyReLU,0.8230277185501066,0.2966101694915254
3,68,25,LeakyReLU,0.908315565031983,0.288135593220339
5,97,84,LeakyReLU,0.9253731343283582,0.2457627118644068
3,100,49,Tanh,0.3347547974413646,0.211864406779661
3,70,61,LeakyReLU,0.8550106609808102,0.288135593220339
4,49,12,ReLU,0.7739872068230277,0.288135593220339
5,91,16,LeakyReLU,0.8720682302771855,0.2711864406779661
5,99,42,LeakyReLU,0.8827292110874201,0.2966101694915254
3,93,14,Sigmoid,0.15565031982942432,0.13559322033898305
4,82,10,Sigmoid,0.15565031982942432,0.13559322033898305
3,71,17,Sigmoid,0.15565031982942432,0.13559322033898305
4,99,37,Sigmoid,0.15565031982942432,0.13559322033898305
3,98,12,ReLU,0.7164179104477612,0.23728813559322035
4,97,70,Tanh,0.255863539445629,0.1694915254237288
5,100,14,Sigmoid,0.15565031982942432,0.13559322033898305
4,88,31,ReLU,0.9211087420042644,0.288135593220339
5,89,18,Sigmoid,0.15565031982942432,0.13559322033898305
5,96,33,Sigmoid,0.15565031982942432,0.13559322033898305
5,75,29,LeakyReLU,0.8059701492537313,0.2711864406779661
4,86,43,LeakyReLU,0.9360341151385928,0.2627118644067797
3,90,56,Tanh,0.3006396588486141,0.19491525423728814
5,81,16,Tanh,0.21108742004264391,0.1016949152542373
3,61,37,Tanh,0.2622601279317697,0.1440677966101695
5,90,10,LeakyReLU,0.5074626865671642,0.2457627118644068
3,85,22,LeakyReLU,0.8720682302771855,0.2542372881355932
5,94,19,Tanh,0.1791044776119403,0.1271186440677966
4,88,30,Sigmoid,0.15565031982942432,0.13559322033898305
3,97,40,Tanh,0.2771855010660981,0.13559322033898305
5,79,13,ReLU,0.744136460554371,0.2627118644067797
5,84,13,Sigmoid,0.15565031982942432,0.13559322033898305
4,92,14,LeakyReLU,0.8784648187633263,0.3389830508474576
3,93,27,ReLU,0.8571428571428571,0.3135593220338983
5,92,19,Tanh,0.20042643923240938,0.13559322033898305
4,98,11,Sigmoid,0.15565031982942432,0.13559322033898305
5,60,11,Sigmoid,0.15565031982942432,0.13559322033898305
4,99,30,ReLU,0.9104477611940298,0.2627118644067797
3,72,12,ReLU,0.8528784648187633,0.288135593220339
4,94,69,ReLU,0.9168443496801706,0.2966101694915254
4,76,23,Tanh,0.22388059701492538,0.11016949152542373
3,95,44,ReLU,0.8528784648187633,0.288135593220339
5,100,57,LeakyReLU,0.8805970149253731,0.3135593220338983
5,93,29,Tanh,0.2302771855010661,0.16101694915254236
3,92,55,ReLU,0.8997867803837953,0.2796610169491525
5,88,24,ReLU,0.9168443496801706,0.2796610169491525
3,82,14,Tanh,0.21961620469083157,0.17796610169491525
4,82,39,LeakyReLU,0.9147121535181236,0.2711864406779661
3,75,39,Tanh,0.3006396588486141,0.16101694915254236
5,75,32,Tanh,0.2345415778251599,0.17796610169491525
4,94,11,Tanh,0.24093816631130063,0.1016949152542373
5,90,31,LeakyReLU,0.9189765458422174,0.2542372881355932
3,78,20,ReLU,0.8720682302771855,0.288135593220339
4,100,22,LeakyReLU,0.9189765458422174,0.288135593220339
5,84,49,Tanh,0.24946695095948826,0.17796610169491525
3,48,20,LeakyReLU,0.8123667377398721,0.2711864406779661
5,43,18,Tanh,0.21321961620469082,0.09322033898305085
4,87,41,Sigmoid,0.15565031982942432,0.13559322033898305
4,91,37,Tanh,0.26439232409381663,0.1694915254237288
3,98,10,Sigmoid,0.15565031982942432,0.13559322033898305
4,72,32,LeakyReLU,0.8891257995735607,0.288135593220339
4,97,12,ReLU,0.8656716417910447,0.3220338983050847
4,97,53,Tanh,0.27078891257995735,0.211864406779661
3,87,16,ReLU,0.8678038379530917,0.2796610169491525
5,80,20,LeakyReLU,0.7398720682302772,0.2711864406779661
4,58,22,Sigmoid,0.15565031982942432,0.13559322033898305
4,91,28,Tanh,0.2771855010660981,0.1271186440677966
4,51,16,LeakyReLU,0.8400852878464818,0.3474576271186441
3,93,55,Tanh,0.27078891257995735,0.11016949152542373
4,78,35,LeakyReLU,0.906183368869936,0.2966101694915254
3,77,10,Sigmoid,0.15565031982942432,0.13559322033898305
4,78,19,Tanh,0.2537313432835821,0.13559322033898305
4,93,22,Tanh,0.2046908315565032,0.15254237288135594
5,67,22,LeakyReLU,0.8784648187633263,0.2966101694915254
5,80,37,Sigmoid,0.15565031982942432,0.13559322033898305
5,43,18,Tanh,0.208955223880597,0.16101694915254236
4,80,20,LeakyReLU,0.8081023454157783,0.2627118644067797
4,61,17,Tanh,0.22388059701492538,0.11016949152542373
5,100,14,LeakyReLU,0.8507462686567164,0.2627118644067797
5,94,17,LeakyReLU,0.7931769722814499,0.2796610169491525
2,83,27,LeakyReLU,0.7633262260127932,0.2457627118644068
5,72,10,Sigmoid,0.15565031982942432,0.13559322033898305
3,58,22,Sigmoid,0.15565031982942432,0.13559322033898305
4,75,12,ReLU,0.8422174840085288,0.3050847457627119
5,48,10,Sigmoid,0.15565031982942432,0.13559322033898305
3,76,49,Tanh,0.2345415778251599,0.13559322033898305
4,88,31,Tanh,0.302771855010661,0.13559322033898305
5,87,11,ReLU,0.7100213219616205,0.2457627118644068
5,88,24,Tanh,0.22174840085287847,0.15254237288135594
3,72,37,Sigmoid,0.15565031982942432,0.13559322033898305
5,96,13,LeakyReLU,0.8251599147121536,0.2711864406779661
3,96,20,LeakyReLU,0.8955223880597015,0.2711864406779661
5,79,13,ReLU,0.7611940298507462,0.2542372881355932
4,82,22,LeakyReLU,0.9019189765458422,0.2627118644067797
5,79,13,ReLU,0.6844349680170576,0.23728813559322035
4,82,10,Sigmoid,0.15565031982942432,0.13559322033898305
3,75,14,LeakyReLU,0.837953091684435,0.2627118644067797
4,99,46,ReLU,0.8763326226012793,0.2711864406779661
5,100,10,Tanh,0.24520255863539445,0.1271186440677966
6,75,20,ReLU,0.7974413646055437,0.2711864406779661
4,74,35,LeakyReLU,0.929637526652452,0.3050847457627119
6,97,24,ReLU,0.8614072494669509,0.3050847457627119
4,80,22,LeakyReLU,0.9275053304904051,0.2966101694915254
4,87,31,LeakyReLU,0.8827292110874201,0.2966101694915254
4,97,28,ReLU,0.9402985074626866,0.3135593220338983
5,79,28,ReLU,0.9040511727078892,0.2711864406779661
4,79,17,LeakyReLU,0.9019189765458422,0.288135593220339
3,86,11,ReLU,0.7377398720682303,0.2288135593220339
3,39,19,Tanh,0.232409381663113,0.1016949152542373
5,81,25,LeakyReLU,0.8550106609808102,0.3050847457627119
3,92,14,LeakyReLU,0.7782515991471215,0.2457627118644068
3,78,51,ReLU,0.9040511727078892,0.288135593220339
4,92,14,LeakyReLU,0.8038379530916845,0.3050847457627119
3,90,74,Sigmoid,0.15565031982942432,0.13559322033898305
5,97,24,Tanh,0.23667377398720682,0.1864406779661017
4,97,53,ReLU,0.8955223880597015,0.3050847457627119
4,67,27,Sigmoid,0.15565031982942432,0.13559322033898305
4,98,10,LeakyReLU,0.7420042643923241,0.2711864406779661
4,100,53,Tanh,0.2537313432835821,0.1440677966101695
3,81,24,LeakyReLU,0.8528784648187633,0.3050847457627119
4,60,14,Tanh,0.24093816631130063,0.13559322033898305
5,103,15,Tanh,0.2025586353944563,0.15254237288135594
6,90,17,ReLU,0.7611940298507462,0.2711864406779661
4,79,16,Tanh,0.19402985074626866,0.15254237288135594
5,72,10,Tanh,0.18976545842217485,0.1440677966101695
4,97,37,Tanh,0.26652452025586354,0.16101694915254236
4,98,19,Sigmoid,0.15565031982942432,0.13559322033898305
4,65,28,Tanh,0.21748400852878466,0.11016949152542373
5,71,43,Tanh,0.232409381663113,0.1440677966101695
5,100,9,Sigmoid,0.15565031982942432,0.13559322033898305
5,97,23,Tanh,0.2579957356076759,0.15254237288135594
4,49,23,Tanh,0.19829424307036247,0.1440677966101695
5,72,23,Sigmoid,0.15565031982942432,0.13559322033898305
4,97,69,Tanh,0.24733475479744135,0.11864406779661017
3,87,19,ReLU,0.9125799573560768,0.2796610169491525
3,93,14,Sigmoid,0.15565031982942432,0.13559322033898305
3,88,18,ReLU,0.837953091684435,0.2966101694915254
5,96,27,Sigmoid,0.15565031982942432,0.13559322033898305
5,60,11,ReLU,0.7761194029850746,0.2796610169491525
5,92,39,Tanh,0.27505330490405117,0.16101694915254236
5,61,23,Tanh,0.2068230277185501,0.1440677966101695
4,71,13,Tanh,0.232409381663113,0.15254237288135594
4,95,48,LeakyReLU,0.9253731343283582,0.3305084745762712
5,97,14,ReLU,0.7590618336886994,0.2627118644067797
3,92,33,LeakyReLU,0.8720682302771855,0.2966101694915254
5,62,16,Tanh,0.15565031982942432,0.13559322033898305
5,62,27,ReLU,0.9019189765458422,0.2966101694915254
4,93,13,Tanh,0.21321961620469082,0.11016949152542373
5,75,20,Sigmoid,0.15565031982942432,0.13559322033898305
5,78,2,ReLU,0.2537313432835821,0.16101694915254236
3,88,31,ReLU,0.8784648187633263,0.2711864406779661
4,90,44,LeakyReLU,0.9275053304904051,0.2711864406779661
6,87,3,ReLU,0.3837953091684435,0.11864406779661017
3,92,44,ReLU,0.9125799573560768,0.2796610169491525
3,62,10,LeakyReLU,0.6353944562899787,0.19491525423728814
4,94,47,ReLU,0.9402985074626866,0.2542372881355932
3,93,31,Tanh,0.2601279317697228,0.1271186440677966
5,88,24,Tanh,0.2345415778251599,0.17796610169491525
4,97,23,Tanh,0.22174840085287847,0.1271186440677966
4,90,20,LeakyReLU,0.8635394456289979,0.2542372881355932
4,96,17,Sigmoid,0.15565031982942432,0.13559322033898305
3,92,69,ReLU,0.8656716417910447,0.3050847457627119
4,75,28,Tanh,0.21108742004264391,0.1016949152542373
5,82,20,Tanh,0.21108742004264391,0.0847457627118644
4,69,37,Sigmoid,0.15565031982942432,0.13559322033898305
3,62,25,Tanh,0.21108742004264391,0.16101694915254236
3,100,36,ReLU,0.8528784648187633,0.2711864406779661
5,99,42,LeakyReLU,0.9530916844349681,0.2627118644067797
5,96,35,LeakyReLU,0.9402985074626866,0.2796610169491525
3,68,46,LeakyReLU,0.9211087420042644,0.2627118644067797
4,96,15,ReLU,0.8550106609808102,0.2542372881355932
5,91,52,LeakyReLU,0.9189765458422174,0.3220338983050847
3,78,20,ReLU,0.8699360341151386,0.2796610169491525
2,98,10,Sigmoid,0.15565031982942432,0.13559322033898305
3,92,38,ReLU,0.9211087420042644,0.3220338983050847
3,67,22,LeakyReLU,0.8742004264392325,0.2796610169491525
5,67,22,LeakyReLU,0.8678038379530917,0.2966101694915254
3,51,16,LeakyReLU,0.7931769722814499,0.2542372881355932
4,50,12,ReLU,0.8720682302771855,0.2711864406779661
5,60,25,LeakyReLU,0.8699360341151386,0.2966101694915254
3,64,48,LeakyReLU,0.8592750533049041,0.2627118644067797
4,55,24,ReLU,0.8422174840085288,0.23728813559322035
5,56,21,LeakyReLU,0.9147121535181236,0.2966101694915254
4,53,12,ReLU,0.720682302771855,0.2627118644067797
4,53,15,ReLU,0.8081023454157783,0.2796610169491525
3,57,30,ReLU,0.8763326226012793,0.2966101694915254
3,51,35,LeakyReLU,0.8827292110874201,0.3135593220338983
5,56,32,LeakyReLU,0.8059701492537313,0.3220338983050847
4,55,17,ReLU,0.814498933901919,0.2711864406779661
3,51,17,LeakyReLU,0.7889125799573561,0.2711864406779661
4,53,17,LeakyReLU,0.8187633262260128,0.2796610169491525
5,100,47,LeakyReLU,0.9402985074626866,0.288135593220339
4,69,22,ReLU,0.9019189765458422,0.3050847457627119
3,71,31,ReLU,0.7974413646055437,0.22033898305084745
3,91,48,LeakyReLU,0.8678038379530917,0.2796610169491525
3,94,17,LeakyReLU,0.8272921108742004,0.288135593220339
4,100,57,Tanh,0.23880597014925373,0.11016949152542373
4,90,50,ReLU,0.908315565031983,0.288135593220339
3,96,69,LeakyReLU,0.8486140724946695,0.3050847457627119
4,100,49,LeakyReLU,0.906183368869936,0.3305084745762712
4,69,17,LeakyReLU,0.8656716417910447,0.2966101694915254
5,81,35,LeakyReLU,0.8784648187633263,0.2966101694915254
3,92,33,LeakyReLU,0.8592750533049041,0.2542372881355932
5,95,24,Sigmoid,0.15565031982942432,0.13559322033898305
5,86,23,LeakyReLU,0.8528784648187633,0.2966101694915254
4,100,22,LeakyReLU,0.8848614072494669,0.3220338983050847
5,82,20,LeakyReLU,0.8869936034115139,0.3135593220338983
4,100,72,LeakyReLU,0.8827292110874201,0.3135593220338983
3,92,30,ReLU,0.9104477611940298,0.2796610169491525
4,97,44,ReLU,0.8528784648187633,0.3050847457627119
4,95,48,LeakyReLU,0.9168443496801706,0.2627118644067797
4,89,16,ReLU,0.8208955223880597,0.22033898305084745
3,100,58,ReLU,0.8678038379530917,0.288135593220339
3,92,38,ReLU,0.8187633262260128,0.2627118644067797
3,87,58,LeakyReLU,0.929637526652452,0.2796610169491525
5,90,20,LeakyReLU,0.8059701492537313,0.22033898305084745
5,100,21,LeakyReLU,0.8422174840085288,0.288135593220339
4,94,22,Sigmoid,0.15565031982942432,0.13559322033898305
4,94,53,LeakyReLU,0.9275053304904051,0.3050847457627119
3,92,51,LeakyReLU,0.8315565031982942,0.2457627118644068
4,80,20,LeakyReLU,0.8869936034115139,0.2796610169491525
3,100,33,LeakyReLU,0.8955223880597015,0.3135593220338983
6,97,24,LeakyReLU,0.8592750533049041,0.2627118644067797
6,90,17,ReLU,0.7185501066098081,0.2542372881355932
3,80,20,LeakyReLU,0.8400852878464818,0.288135593220339
3,60,40,LeakyReLU,0.908315565031983,0.3050847457627119
4,51,12,LeakyReLU,0.8486140724946695,0.2542372881355932
4,50,14,LeakyReLU,0.7825159914712153,0.2627118644067797
3,56,35,LeakyReLU,0.8742004264392325,0.2288135593220339
4,56,36,LeakyReLU,0.8763326226012793,0.3135593220338983
3,51,23,LeakyReLU,0.8528784648187633,0.2966101694915254
3,67,22,Sigmoid,0.15565031982942432,0.13559322033898305
3,33,17,LeakyReLU,0.8187633262260128,0.2542372881355932
4,54,35,ReLU,0.9253731343283582,0.3135593220338983
4,62,12,ReLU,0.7995735607675906,0.2627118644067797
4,23,12,LeakyReLU,0.7185501066098081,0.2033898305084746
5,67,22,LeakyReLU,0.8614072494669509,0.288135593220339
5,60,27,ReLU,0.8422174840085288,0.2711864406779661
5,56,32,LeakyReLU,0.8742004264392325,0.3135593220338983
6,51,21,LeakyReLU,0.8294243070362474,0.2796610169491525
4,52,32,Sigmoid,0.15565031982942432,0.13559322033898305
4,51,15,LeakyReLU,0.7846481876332623,0.288135593220339
3,56,40,LeakyReLU,0.8805970149253731,0.2711864406779661
5,88,24,Sigmoid,0.15565031982942432,0.13559322033898305
4,89,39,LeakyReLU,0.9339019189765458,0.3050847457627119
4,91,52,ReLU,0.9019189765458422,0.2966101694915254
5,95,23,ReLU,0.8571428571428571,0.23728813559322035
3,100,36,LeakyReLU,0.8891257995735607,0.2796610169491525
4,100,22,LeakyReLU,0.8528784648187633,0.2711864406779661
3,78,56,ReLU,0.908315565031983,0.3305084745762712
4,81,23,LeakyReLU,0.9381663113006397,0.288135593220339
5,72,27,LeakyReLU,0.9147121535181236,0.2966101694915254
4,80,44,LeakyReLU,0.8614072494669509,0.2711864406779661
4,96,33,ReLU,0.9189765458422174,0.2627118644067797
4,90,47,ReLU,0.9147121535181236,0.2966101694915254
5,94,25,ReLU,0.9125799573560768,0.2966101694915254
3,78,51,LeakyReLU,0.8912579957356077,0.2542372881355932
5,82,21,Sigmoid,0.15565031982942432,0.13559322033898305
5,75,21,ReLU,0.8571428571428571,0.2711864406779661
3,91,52,Sigmoid,0.15565031982942432,0.13559322033898305
3,94,72,ReLU,0.7739872068230277,0.23728813559322035
3,82,64,LeakyReLU,0.8571428571428571,0.2542372881355932
5,99,22,LeakyReLU,0.8805970149253731,0.23728813559322035
4,94,22,ReLU,0.9189765458422174,0.2966101694915254
4,68,33,ReLU,0.8997867803837953,0.3220338983050847
6,81,24,LeakyReLU,0.8614072494669509,0.2796610169491525
5,82,21,LeakyReLU,0.8336886993603412,0.2711864406779661
5,96,21,ReLU,0.8614072494669509,0.23728813559322035
4,80,22,LeakyReLU,0.9253731343283582,0.2966101694915254
4,95,46,LeakyReLU,0.9168443496801706,0.288135593220339
4,96,33,LeakyReLU,0.9019189765458422,0.2711864406779661
5,81,17,LeakyReLU,0.8912579957356077,0.2966101694915254
4,100,50,LeakyReLU,0.8933901918976546,0.2796610169491525
4,94,69,LeakyReLU,0.906183368869936,0.3135593220338983
4,94,17,LeakyReLU,0.8891257995735607,0.2711864406779661
5,60,25,ReLU,0.8891257995735607,0.2711864406779661
6,41,21,LeakyReLU,0.8336886993603412,0.2711864406779661
4,58,33,LeakyReLU,0.8976545842217484,0.2542372881355932
6,51,32,LeakyReLU,0.8400852878464818,0.3135593220338983
4,56,28,LeakyReLU,0.9168443496801706,0.288135593220339
4,67,22,Tanh,0.21321961620469082,0.1440677966101695
4,56,21,LeakyReLU,0.8550106609808102,0.2711864406779661
3,56,37,LeakyReLU,0.8763326226012793,0.3050847457627119
5,54,32,ReLU,0.8528784648187633,0.3135593220338983
4,51,16,ReLU,0.8230277185501066,0.2457627118644068
3,47,35,LeakyReLU,0.8848614072494669,0.2796610169491525
3,43,15,LeakyReLU,0.7313432835820896,0.2627118644067797
4,66,33,ReLU,0.8848614072494669,0.3220338983050847
3,56,40,ReLU,0.7334754797441365,0.23728813559322035
3,51,17,LeakyReLU,0.8422174840085288,0.2288135593220339
3,56,37,LeakyReLU,0.7569296375266524,0.3050847457627119
5,67,22,ReLU,0.8614072494669509,0.2966101694915254
5,65,17,LeakyReLU,0.7590618336886994,0.3050847457627119
3,60,40,LeakyReLU,0.7505330490405118,0.2288135593220339
5,55,33,LeakyReLU,0.908315565031983,0.3135593220338983
3,92,33,LeakyReLU,0.908315565031983,0.288135593220339
4,80,23,LeakyReLU,0.8614072494669509,0.3220338983050847
5,99,27,Tanh,0.21535181236673773,0.0847457627118644
4,82,31,Tanh,0.21748400852878466,0.1271186440677966
3,78,69,ReLU,0.7910447761194029,0.2966101694915254
2,82,72,LeakyReLU,0.652452025586354,0.2711864406779661
5,72,27,ReLU,0.9317697228144989,0.288135593220339
4,97,33,ReLU,0.8827292110874201,0.3220338983050847
4,95,55,LeakyReLU,0.8912579957356077,0.3050847457627119
4,81,23,Tanh,0.2579957356076759,0.1440677966101695
3,97,48,LeakyReLU,0.908315565031983,0.3135593220338983
4,97,54,LeakyReLU,0.9147121535181236,0.2966101694915254
4,94,53,LeakyReLU,0.8976545842217484,0.3305084745762712
4,95,50,Sigmoid,0.15565031982942432,0.13559322033898305
4,75,37,LeakyReLU,0.8891257995735607,0.3220338983050847
4,90,25,LeakyReLU,0.9530916844349681,0.2627118644067797
4,74,35,LeakyReLU,0.9211087420042644,0.2711864406779661
4,89,39,LeakyReLU,0.9040511727078892,0.3220338983050847
3,100,22,ReLU,0.8422174840085288,0.2627118644067797
4,79,32,LeakyReLU,0.9019189765458422,0.2542372881355932
4,71,37,ReLU,0.9019189765458422,0.288135593220339
3,82,56,Tanh,0.27505330490405117,0.1271186440677966
4,87,31,LeakyReLU,0.908315565031983,0.3135593220338983
5,100,48,LeakyReLU,0.8848614072494669,0.288135593220339
4,92,33,LeakyReLU,0.9232409381663113,0.2627118644067797
3,94,18,LeakyReLU,0.835820895522388,0.2542372881355932
5,94,27,LeakyReLU,0.9168443496801706,0.2711864406779661
4,70,28,ReLU,0.8997867803837953,0.2966101694915254
4,89,39,LeakyReLU,0.9402985074626866,0.2627118644067797
4,88,28,LeakyReLU,0.8997867803837953,0.288135593220339
5,54,32,ReLU,0.8699360341151386,0.3135593220338983
5,55,32,LeakyReLU,0.8827292110874201,0.2796610169491525
4,36,16,LeakyReLU,0.8272921108742004,0.3050847457627119
5,60,27,ReLU,0.906183368869936,0.3305084745762712
3,40,37,LeakyReLU,0.8720682302771855,0.3135593220338983
5,56,32,LeakyReLU,0.8869936034115139,0.2966101694915254
5,57,20,LeakyReLU,0.8720682302771855,0.2627118644067797
3,51,37,LeakyReLU,0.8592750533049041,0.2627118644067797
4,67,22,LeakyReLU,0.906183368869936,0.3135593220338983
5,54,32,ReLU,0.8059701492537313,0.288135593220339
2,57,55,LeakyReLU,0.7611940298507462,0.2966101694915254
4,54,15,ReLU,0.8848614072494669,0.2966101694915254
2,55,33,LeakyReLU,0.7611940298507462,0.2796610169491525
5,56,21,LeakyReLU,0.8763326226012793,0.2966101694915254
5,56,14,LeakyReLU,0.7953091684434968,0.2542372881355932
4,56,28,Tanh,0.2601279317697228,0.1694915254237288
3,54,40,ReLU,0.8166311300639659,0.23728813559322035
2,31,20,ReLU,0.7505330490405118,0.2627118644067797
5,51,36,LeakyReLU,0.9125799573560768,0.3220338983050847
4,66,12,ReLU,0.8891257995735607,0.3220338983050847
4,67,39,ReLU,0.9125799573560768,0.2966101694915254
3,67,22,LeakyReLU,0.8656716417910447,0.2627118644067797
5,55,33,LeakyReLU,0.8443496801705757,0.2966101694915254
3,48,25,LeakyReLU,0.8699360341151386,0.2711864406779661
4,65,15,LeakyReLU,0.8699360341151386,0.2966101694915254
3,67,22,LeakyReLU,0.8038379530916845,0.2711864406779661
3,67,22,ReLU,0.8081023454157783,0.2966101694915254
4,67,22,ReLU,0.8827292110874201,0.3050847457627119
4,100,30,Sigmoid,0.15565031982942432,0.13559322033898305
4,76,33,ReLU,0.9040511727078892,0.3389830508474576
3,82,37,LeakyReLU,0.908315565031983,0.3135593220338983
4,75,22,ReLU,0.908315565031983,0.2966101694915254
5,91,52,LeakyReLU,0.929637526652452,0.2966101694915254
4,74,35,LeakyReLU,0.9211087420042644,0.2627118644067797
4,68,25,ReLU,0.908315565031983,0.2966101694915254
4,68,33,ReLU,0.9147121535181236,0.2966101694915254
4,100,22,LeakyReLU,0.8912579957356077,0.2966101694915254
3,82,20,ReLU,0.8678038379530917,0.2796610169491525
5,82,32,ReLU,0.9040511727078892,0.288135593220339
4,94,31,LeakyReLU,0.8742004264392325,0.3050847457627119
3,80,33,LeakyReLU,0.8827292110874201,0.288135593220339
4,75,37,LeakyReLU,0.9125799573560768,0.3474576271186441
3,90,53,LeakyReLU,0.7761194029850746,0.288135593220339
4,97,36,LeakyReLU,0.906183368869936,0.2966101694915254
5,100,34,ReLU,0.8933901918976546,0.2796610169491525
4,100,72,LeakyReLU,0.8614072494669509,0.3050847457627119
4,96,50,ReLU,0.9232409381663113,0.2711864406779661
4,94,36,LeakyReLU,0.9488272921108742,0.2542372881355932
4,97,32,LeakyReLU,0.8635394456289979,0.2542372881355932
4,80,35,LeakyReLU,0.8869936034115139,0.3220338983050847
5,67,32,LeakyReLU,0.8805970149253731,0.2796610169491525
5,56,22,LeakyReLU,0.8230277185501066,0.288135593220339
4,51,17,LeakyReLU,0.8486140724946695,0.2627118644067797
4,56,14,LeakyReLU,0.8400852878464818,0.2542372881355932
5,56,32,LeakyReLU,0.9147121535181236,0.2966101694915254
5,65,17,LeakyReLU,0.837953091684435,0.2627118644067797
2,56,56,ReLU,0.7014925373134329,0.22033898305084745
4,54,37,LeakyReLU,0.9360341151385928,0.288135593220339
2,39,37,LeakyReLU,0.7633262260127932,0.2542372881355932
3,48,33,LeakyReLU,0.8763326226012793,0.2627118644067797
5,60,33,Tanh,0.2046908315565032,0.1694915254237288
5,66,32,ReLU,0.8955223880597015,0.2627118644067797
5,50,21,ReLU,0.8656716417910447,0.3050847457627119
4,66,38,ReLU,0.8784648187633263,0.3135593220338983
3,56,40,LeakyReLU,0.9104477611940298,0.2711864406779661
3,56,30,LeakyReLU,0.8336886993603412,0.2966101694915254
5,67,32,ReLU,0.8635394456289979,0.288135593220339
5,54,32,LeakyReLU,0.9019189765458422,0.3220338983050847
3,57,37,LeakyReLU,0.8102345415778252,0.2966101694915254
5,50,27,LeakyReLU,0.8187633262260128,0.2711864406779661
5,59,21,Sigmoid,0.15565031982942432,0.13559322033898305
5,54,14,ReLU,0.8763326226012793,0.2457627118644068
5,56,14,LeakyReLU,0.8017057569296375,0.3050847457627119
5,51,36,LeakyReLU,0.9466950959488273,0.2966101694915254
4,67,22,LeakyReLU,0.837953091684435,0.2711864406779661
4,50,28,ReLU,0.8720682302771855,0.3474576271186441
4,54,27,ReLU,0.9040511727078892,0.2627118644067797
4,67,22,LeakyReLU,0.8784648187633263,0.288135593220339
4,55,24,ReLU,0.8891257995735607,0.2966101694915254
5,56,32,LeakyReLU,0.9168443496801706,0.3050847457627119
4,67,22,LeakyReLU,0.8976545842217484,0.3050847457627119
5,56,32,LeakyReLU,0.9125799573560768,0.288135593220339
4,51,36,LeakyReLU,0.9381663113006397,0.288135593220339
5,54,32,ReLU,0.8699360341151386,0.2966101694915254
4,48,23,LeakyReLU,0.8614072494669509,0.3135593220338983
5,95,22,ReLU,0.8955223880597015,0.2711864406779661
5,100,32,ReLU,0.906183368869936,0.288135593220339
5,82,44,LeakyReLU,0.9168443496801706,0.3305084745762712
5,100,32,ReLU,0.9232409381663113,0.2796610169491525
4,68,43,ReLU,0.9189765458422174,0.2627118644067797
4,89,40,ReLU,0.9189765458422174,0.2966101694915254
3,93,33,ReLU,0.8422174840085288,0.2966101694915254
4,89,41,LeakyReLU,0.9168443496801706,0.3135593220338983
3,92,35,ReLU,0.8400852878464818,0.2711864406779661
4,92,31,LeakyReLU,0.8805970149253731,0.2796610169491525
5,75,33,LeakyReLU,0.9168443496801706,0.3220338983050847
4,92,22,LeakyReLU,0.9040511727078892,0.2542372881355932
4,89,41,LeakyReLU,0.8720682302771855,0.2542372881355932
3,97,33,ReLU,0.8550106609808102,0.2966101694915254
3,75,37,LeakyReLU,0.9104477611940298,0.2796610169491525
5,51,14,LeakyReLU,0.8933901918976546,0.2966101694915254
4,56,40,LeakyReLU,0.8720682302771855,0.2627118644067797
5,54,32,LeakyReLU,0.8976545842217484,0.3220338983050847
4,51,44,LeakyReLU,0.8997867803837953,0.2796610169491525
3,60,33,ReLU,0.8592750533049041,0.2627118644067797
5,54,32,ReLU,0.908315565031983,0.2711864406779661
4,54,33,ReLU,0.8976545842217484,0.288135593220339
4,40,23,LeakyReLU,0.8336886993603412,0.3305084745762712
4,54,35,Tanh,0.24093816631130063,0.11016949152542373
4,66,28,ReLU,0.908315565031983,0.2711864406779661
4,54,40,LeakyReLU,0.929637526652452,0.3389830508474576
4,66,33,LeakyReLU,0.9275053304904051,0.288135593220339
5,50,28,LeakyReLU,0.8272921108742004,0.2796610169491525
4,67,22,LeakyReLU,0.8827292110874201,0.3389830508474576
4,66,33,ReLU,0.9040511727078892,0.2796610169491525
4,50,23,LeakyReLU,0.8805970149253731,0.2711864406779661
5,56,32,LeakyReLU,0.814498933901919,0.3135593220338983
5,67,32,Sigmoid,0.15565031982942432,0.13559322033898305
4,64,23,LeakyReLU,0.9019189765458422,0.2966101694915254
4,56,16,LeakyReLU,0.8699360341151386,0.3220338983050847
3,56,40,LeakyReLU,0.8742004264392325,0.3050847457627119
4,55,14,LeakyReLU,0.8081023454157783,0.288135593220339
6,54,18,ReLU,0.8230277185501066,0.3305084745762712
5,56,32,LeakyReLU,0.8976545842217484,0.2711864406779661
4,58,35,ReLU,0.9104477611940298,0.288135593220339
3,56,37,LeakyReLU,0.8720682302771855,0.288135593220339
3,37,28,ReLU,0.8656716417910447,0.2457627118644068
5,82,44,LeakyReLU,0.8869936034115139,0.2966101694915254
5,97,25,LeakyReLU,0.8997867803837953,0.288135593220339
3,75,33,LeakyReLU,0.8848614072494669,0.2796610169491525
3,100,36,LeakyReLU,0.8869936034115139,0.2457627118644068
5,74,35,LeakyReLU,0.9019189765458422,0.288135593220339
5,90,46,LeakyReLU,0.9360341151385928,0.2796610169491525
4,97,38,Sigmoid,0.15565031982942432,0.13559322033898305
4,82,32,LeakyReLU,0.8635394456289979,0.3135593220338983
4,95,48,LeakyReLU,0.9168443496801706,0.2627118644067797
3,93,22,LeakyReLU,0.8635394456289979,0.2711864406779661
5,92,27,LeakyReLU,0.8933901918976546,0.3050847457627119
4,94,37,LeakyReLU,0.8976545842217484,0.2966101694915254
4,82,35,ReLU,0.9360341151385928,0.2966101694915254
4,82,34,ReLU,0.9189765458422174,0.3050847457627119
3,88,37,LeakyReLU,0.8486140724946695,0.2627118644067797
4,69,32,LeakyReLU,0.8443496801705757,0.2711864406779661
4,90,48,LeakyReLU,0.9253731343283582,0.3050847457627119
4,100,76,LeakyReLU,0.9339019189765458,0.2711864406779661
5,81,35,LeakyReLU,0.9253731343283582,0.2711864406779661
5,81,28,ReLU,0.9317697228144989,0.3389830508474576
4,89,53,ReLU,0.8891257995735607,0.3135593220338983
5,91,41,LeakyReLU,0.9125799573560768,0.3050847457627119
4,69,23,ReLU,0.8592750533049041,0.2966101694915254
3,50,33,LeakyReLU,0.8336886993603412,0.288135593220339
4,56,36,LeakyReLU,0.9232409381663113,0.2966101694915254
4,56,22,LeakyReLU,0.906183368869936,0.2796610169491525
4,67,39,LeakyReLU,0.9019189765458422,0.2796610169491525
5,60,17,LeakyReLU,0.7718550106609808,0.2966101694915254
5,66,33,ReLU,0.9040511727078892,0.2627118644067797
5,55,36,LeakyReLU,0.8656716417910447,0.2966101694915254
4,51,17,ReLU,0.8763326226012793,0.3050847457627119
5,66,32,Tanh,0.20042643923240938,0.15254237288135594
4,67,22,LeakyReLU,0.8742004264392325,0.2966101694915254
4,67,22,LeakyReLU,0.8294243070362474,0.23728813559322035
3,65,17,LeakyReLU,0.8528784648187633,0.3050847457627119
4,53,23,ReLU,0.8464818763326226,0.2711864406779661
5,56,32,LeakyReLU,0.8400852878464818,0.288135593220339
4,66,22,ReLU,0.908315565031983,0.2457627118644068
4,56,36,LeakyReLU,0.9232409381663113,0.2966101694915254
4,50,14,LeakyReLU,0.837953091684435,0.288135593220339
4,66,43,ReLU,0.9125799573560768,0.2711864406779661
5,67,27,ReLU,0.9040511727078892,0.2542372881355932
3,40,28,ReLU,0.8742004264392325,0.3135593220338983
3,50,33,ReLU,0.8315565031982942,0.3135593220338983
4,53,16,LeakyReLU,0.814498933901919,0.2627118644067797
5,64,32,LeakyReLU,0.9189765458422174,0.2796610169491525
3,54,33,LeakyReLU,0.8827292110874201,0.23728813559322035
3,51,15,LeakyReLU,0.7398720682302772,0.2711864406779661
3,50,12,ReLU,0.8294243070362474,0.2711864406779661
4,48,23,LeakyReLU,0.9232409381663113,0.2711864406779661
4,66,33,ReLU,0.8997867803837953,0.2457627118644068
4,50,33,LeakyReLU,0.8955223880597015,0.2796610169491525
5,56,32,ReLU,0.9147121535181236,0.288135593220339
4,50,40,LeakyReLU,0.8827292110874201,0.23728813559322035
6,53,32,LeakyReLU,0.7398720682302772,0.2711864406779661
5,54,23,Tanh,0.1812366737739872,0.11864406779661017
4,46,28,LeakyReLU,0.9040511727078892,0.2796610169491525
4,45,33,LeakyReLU,0.8699360341151386,0.2627118644067797
4,54,47,ReLU,0.8592750533049041,0.2796610169491525
6,66,32,LeakyReLU,0.8550106609808102,0.2966101694915254
4,94,58,ReLU,0.9381663113006397,0.288135593220339
5,90,24,LeakyReLU,0.9019189765458422,0.288135593220339
4,90,53,LeakyReLU,0.8955223880597015,0.2796610169491525
5,87,32,LeakyReLU,0.8230277185501066,0.2796610169491525
4,91,40,LeakyReLU,0.9019189765458422,0.2796610169491525
4,75,46,LeakyReLU,0.9125799573560768,0.288135593220339
4,78,23,LeakyReLU,0.8635394456289979,0.23728813559322035
5,75,28,LeakyReLU,0.8699360341151386,0.2796610169491525
5,82,44,LeakyReLU,0.9232409381663113,0.2711864406779661
4,91,36,LeakyReLU,0.929637526652452,0.3135593220338983
4,97,32,ReLU,0.8827292110874201,0.3220338983050847
4,92,53,Sigmoid,0.15565031982942432,0.13559322033898305
3,92,37,ReLU,0.8955223880597015,0.2796610169491525
5,54,32,LeakyReLU,0.8955223880597015,0.2966101694915254
2,40,28,ReLU,0.7739872068230277,0.3050847457627119
5,51,16,LeakyReLU,0.8528784648187633,0.2627118644067797
4,65,23,LeakyReLU,0.8827292110874201,0.2457627118644068
4,62,46,ReLU,0.9147121535181236,0.2711864406779661
4,37,14,Sigmoid,0.15565031982942432,0.13559322033898305
4,50,23,ReLU,0.9125799573560768,0.3050847457627119
4,64,22,LeakyReLU,0.8869936034115139,0.288135593220339
5,65,17,LeakyReLU,0.8464818763326226,0.3050847457627119
4,54,23,LeakyReLU,0.8848614072494669,0.2966101694915254
4,66,22,ReLU,0.9125799573560768,0.3050847457627119
4,54,40,LeakyReLU,0.9232409381663113,0.2796610169491525
4,50,12,Tanh,0.2068230277185501,0.1440677966101695
4,50,12,ReLU,0.8017057569296375,0.19491525423728814
4,51,16,LeakyReLU,0.7995735607675906,0.2966101694915254
4,38,20,LeakyReLU,0.8997867803837953,0.2542372881355932
3,53,39,LeakyReLU,0.9253731343283582,0.288135593220339
4,38,12,Sigmoid,0.15565031982942432,0.13559322033898305
4,66,37,ReLU,0.9168443496801706,0.288135593220339
5,46,14,ReLU,0.8166311300639659,0.2796610169491525
4,64,22,Sigmoid,0.15565031982942432,0.13559322033898305
5,54,32,LeakyReLU,0.814498933901919,0.2033898305084746
6,51,21,LeakyReLU,0.7995735607675906,0.2457627118644068
5,67,22,LeakyReLU,0.8507462686567164,0.2457627118644068
3,66,38,ReLU,0.8997867803837953,0.3050847457627119
4,58,31,LeakyReLU,0.8848614072494669,0.3135593220338983
3,56,36,LeakyReLU,0.767590618336887,0.288135593220339
5,54,32,ReLU,0.8592750533049041,0.2966101694915254
5,54,16,LeakyReLU,0.8699360341151386,0.2796610169491525
4,66,20,ReLU,0.8784648187633263,0.3135593220338983
4,64,25,LeakyReLU,0.8699360341151386,0.2711864406779661
4,50,27,ReLU,0.8976545842217484,0.2542372881355932
6,56,30,LeakyReLU,0.6588486140724946,0.288135593220339
4,66,38,LeakyReLU,0.929637526652452,0.3389830508474576
4,54,32,ReLU,0.8742004264392325,0.2796610169491525
5,67,23,LeakyReLU,0.8699360341151386,0.2796610169491525
5,60,27,Sigmoid,0.15565031982942432,0.13559322033898305
4,56,36,LeakyReLU,0.9253731343283582,0.3135593220338983
2,56,40,LeakyReLU,0.7100213219616205,0.23728813559322035
3,56,37,LeakyReLU,0.8827292110874201,0.2796610169491525
4,56,33,LeakyReLU,0.8976545842217484,0.2627118644067797
4,51,20,LeakyReLU,0.8955223880597015,0.3305084745762712
4,67,22,ReLU,0.8805970149253731,0.2966101694915254
3,51,17,LeakyReLU,0.8635394456289979,0.2966101694915254
5,56,33,LeakyReLU,0.8976545842217484,0.3050847457627119
4,50,17,ReLU,0.835820895522388,0.3050847457627119
4,67,33,ReLU,0.9232409381663113,0.3050847457627119
4,55,23,LeakyReLU,0.8784648187633263,0.2796610169491525
4,95,33,LeakyReLU,0.908315565031983,0.288135593220339
4,82,32,ReLU,0.8891257995735607,0.2542372881355932
5,50,16,LeakyReLU,0.8038379530916845,0.211864406779661
3,56,40,LeakyReLU,0.8784648187633263,0.2966101694915254
3,40,28,ReLU,0.8891257995735607,0.2966101694915254
4,66,38,LeakyReLU,0.9040511727078892,0.2711864406779661
4,67,22,ReLU,0.8102345415778252,0.23728813559322035
4,66,33,ReLU,0.8891257995735607,0.288135593220339
4,45,36,ReLU,0.9147121535181236,0.2796610169491525
4,67,39,LeakyReLU,0.906183368869936,0.3305084745762712
4,56,36,LeakyReLU,0.908315565031983,0.3305084745762712
4,54,23,ReLU,0.8955223880597015,0.2796610169491525
4,54,32,LeakyReLU,0.9125799573560768,0.2711864406779661
3,40,35,LeakyReLU,0.8486140724946695,0.3389830508474576
4,50,28,ReLU,0.8955223880597015,0.3135593220338983
3,58,33,ReLU,0.8635394456289979,0.3135593220338983
3,41,27,LeakyReLU,0.8528784648187633,0.2542372881355932
4,43,23,Tanh,0.1791044776119403,0.15254237288135594
3,49,37,LeakyReLU,0.8891257995735607,0.2457627118644068
5,54,32,LeakyReLU,0.835820895522388,0.2796610169491525
3,51,37,LeakyReLU,0.906183368869936,0.288135593220339
4,44,23,LeakyReLU,0.8742004264392325,0.3389830508474576
5,51,36,LeakyReLU,0.9211087420042644,0.3050847457627119
4,50,23,ReLU,0.9125799573560768,0.2966101694915254
3,64,51,LeakyReLU,0.8869936034115139,0.3305084745762712
5,54,32,LeakyReLU,0.8869936034115139,0.3050847457627119
4,66,33,ReLU,0.8656716417910447,0.288135593220339
3,40,14,LeakyReLU,0.7484008528784648,0.2627118644067797
4,56,18,LeakyReLU,0.8699360341151386,0.2966101694915254
4,51,12,LeakyReLU,0.8038379530916845,0.3474576271186441
5,60,33,ReLU,0.9104477611940298,0.288135593220339
5,60,27,ReLU,0.8955223880597015,0.3050847457627119
4,56,36,LeakyReLU,0.8805970149253731,0.3220338983050847
5,56,27,ReLU,0.8656716417910447,0.2627118644067797
3,60,33,LeakyReLU,0.8294243070362474,0.2966101694915254
5,67,32,LeakyReLU,0.8187633262260128,0.2627118644067797
4,67,22,LeakyReLU,0.8614072494669509,0.288135593220339
4,53,33,ReLU,0.8933901918976546,0.2711864406779661
5,54,32,LeakyReLU,0.9211087420042644,0.2711864406779661
5,46,32,LeakyReLU,0.8102345415778252,0.2796610169491525
5,40,20,LeakyReLU,0.7356076759061834,0.2711864406779661
4,67,40,LeakyReLU,0.9040511727078892,0.2457627118644068
5,65,17,LeakyReLU,0.835820895522388,0.3135593220338983
4,90,53,LeakyReLU,0.8763326226012793,0.2627118644067797
4,99,38,Sigmoid,0.15565031982942432,0.13559322033898305
5,100,37,LeakyReLU,0.9253731343283582,0.2542372881355932
3,78,60,LeakyReLU,0.9253731343283582,0.288135593220339
4,97,23,LeakyReLU,0.9189765458422174,0.3050847457627119
4,89,43,LeakyReLU,0.9339019189765458,0.2966101694915254
3,92,22,LeakyReLU,0.8166311300639659,0.2542372881355932
4,97,47,Sigmoid,0.15565031982942432,0.13559322033898305
4,90,54,LeakyReLU,0.8891257995735607,0.2966101694915254
4,33,14,LeakyReLU,0.7377398720682303,0.2457627118644068
4,50,28,ReLU,0.9253731343283582,0.288135593220339
5,55,23,LeakyReLU,0.8848614072494669,0.3050847457627119
4,50,12,LeakyReLU,0.8400852878464818,0.2627118644067797
3,54,48,LeakyReLU,0.8955223880597015,0.3050847457627119
5,51,36,LeakyReLU,0.8848614072494669,0.2711864406779661
3,51,20,LeakyReLU,0.650319829424307,0.2796610169491525
4,67,27,ReLU,0.8912579957356077,0.2627118644067797
4,50,39,LeakyReLU,0.9019189765458422,0.2966101694915254
4,50,28,LeakyReLU,0.8891257995735607,0.3050847457627119
4,67,39,LeakyReLU,0.9168443496801706,0.2627118644067797
4,66,12,ReLU,0.7803837953091685,0.22033898305084745
5,56,21,LeakyReLU,0.8891257995735607,0.3389830508474576
4,50,23,LeakyReLU,0.9040511727078892,0.2796610169491525
4,50,28,ReLU,0.9104477611940298,0.3050847457627119
4,66,33,LeakyReLU,0.9104477611940298,0.288135593220339
4,33,16,LeakyReLU,0.8614072494669509,0.2627118644067797
3,53,47,ReLU,0.7846481876332623,0.2627118644067797
5,56,32,LeakyReLU,0.8742004264392325,0.3135593220338983
4,66,27,ReLU,0.8955223880597015,0.23728813559322035
3,54,40,ReLU,0.8571428571428571,0.2627118644067797
5,60,18,ReLU,0.8635394456289979,0.2288135593220339
4,67,39,LeakyReLU,0.9189765458422174,0.3135593220338983
4,66,38,LeakyReLU,0.9104477611940298,0.23728813559322035
4,56,36,LeakyReLU,0.8720682302771855,0.3220338983050847
4,56,40,ReLU,0.9019189765458422,0.3050847457627119
5,54,27,LeakyReLU,0.9339019189765458,0.3135593220338983
5,51,35,LeakyReLU,0.8869936034115139,0.3474576271186441
3,56,17,LeakyReLU,0.697228144989339,0.2711864406779661
4,54,40,LeakyReLU,0.8933901918976546,0.288135593220339
4,40,22,LeakyReLU,0.8208955223880597,0.288135593220339
6,54,18,LeakyReLU,0.8699360341151386,0.2966101694915254
4,51,23,LeakyReLU,0.9019189765458422,0.2542372881355932
4,50,28,LeakyReLU,0.8486140724946695,0.2542372881355932
3,60,40,ReLU,0.8315565031982942,0.2796610169491525
4,56,16,LeakyReLU,0.8272921108742004,0.3220338983050847
4,50,31,LeakyReLU,0.8486140724946695,0.2966101694915254
4,64,22,LeakyReLU,0.8869936034115139,0.2711864406779661
3,39,37,LeakyReLU,0.8805970149253731,0.3220338983050847
4,45,16,LeakyReLU,0.9040511727078892,0.2711864406779661
4,66,12,ReLU,0.8017057569296375,0.3050847457627119
4,40,20,LeakyReLU,0.8763326226012793,0.2542372881355932
3,47,23,LeakyReLU,0.814498933901919,0.3220338983050847
2,56,46,LeakyReLU,0.6076759061833689,0.2457627118644068
3,50,28,LeakyReLU,0.8635394456289979,0.3050847457627119
3,50,31,LeakyReLU,0.8464818763326226,0.2711864406779661
4,67,33,LeakyReLU,0.9211087420042644,0.3050847457627119
4,66,33,LeakyReLU,0.9211087420042644,0.3050847457627119
3,56,37,LeakyReLU,0.8699360341151386,0.2796610169491525
5,55,33,LeakyReLU,0.8976545842217484,0.2796610169491525
4,46,10,Sigmoid,0.15565031982942432,0.13559322033898305
4,92,20,LeakyReLU,0.8443496801705757,0.2542372881355932
3,83,24,ReLU,0.814498933901919,0.2966101694915254
4,78,28,Tanh,0.23667377398720682,0.16101694915254236
5,97,21,LeakyReLU,0.8422174840085288,0.288135593220339
5,87,20,LeakyReLU,0.8251599147121536,0.2627118644067797
3,31,10,Sigmoid,0.15565031982942432,0.13559322033898305
3,81,49,ReLU,0.908315565031983,0.3389830508474576
4,59,20,ReLU,0.8571428571428571,0.2542372881355932
3,57,12,Sigmoid,0.15565031982942432,0.13559322033898305
5,96,52,LeakyReLU,0.8763326226012793,0.2711864406779661
3,91,41,ReLU,0.8742004264392325,0.2966101694915254
5,95,13,Tanh,0.26865671641791045,0.1440677966101695
4,94,20,Sigmoid,0.15565031982942432,0.13559322033898305
4,56,11,LeakyReLU,0.7867803837953091,0.3389830508474576
5,100,26,Tanh,0.23880597014925373,0.1271186440677966
5,87,17,Tanh,0.2260127931769723,0.0847457627118644
5,95,10,Tanh,0.2046908315565032,0.1016949152542373
3,93,12,Sigmoid,0.15565031982942432,0.13559322033898305
3,98,17,ReLU,0.8635394456289979,0.3135593220338983
3,91,74,Tanh,0.34968017057569295,0.1694915254237288
3,93,30,Tanh,0.2835820895522388,0.1694915254237288
5,83,32,LeakyReLU,0.9232409381663113,0.288135593220339
3,79,45,ReLU,0.906183368869936,0.3050847457627119
4,88,10,Tanh,0.19189765458422176,0.11864406779661017
5,77,12,LeakyReLU,0.7803837953091685,0.2627118644067797
3,61,15,ReLU,0.8059701492537313,0.2542372881355932
3,72,15,Sigmoid,0.15565031982942432,0.13559322033898305
3,73,17,Tanh,0.2537313432835821,0.13559322033898305
3,57,31,Tanh,0.27078891257995735,0.16101694915254236
4,96,45,Sigmoid,0.15565031982942432,0.13559322033898305
3,100,35,LeakyReLU,0.9211087420042644,0.2796610169491525
3,81,20,LeakyReLU,0.8742004264392325,0.3389830508474576
5,97,30,Tanh,0.2899786780383795,0.15254237288135594
4,94,63,LeakyReLU,0.9125799573560768,0.3220338983050847
5,83,30,Sigmoid,0.15565031982942432,0.13559322033898305
5,77,28,Tanh,0.27078891257995735,0.11864406779661017
3,99,44,ReLU,0.906183368869936,0.2796610169491525
5,85,12,ReLU,0.7803837953091685,0.2457627118644068
5,97,15,Tanh,0.2046908315565032,0.1271186440677966
3,98,26,LeakyReLU,0.8912579957356077,0.3050847457627119
3,99,53,ReLU,0.8614072494669509,0.2966101694915254
4,57,11,ReLU,0.8123667377398721,0.2457627118644068
4,81,14,LeakyReLU,0.8635394456289979,0.3135593220338983
5,94,44,ReLU,0.9339019189765458,0.288135593220339
4,85,50,ReLU,0.9509594882729211,0.2711864406779661
3,97,61,Sigmoid,0.15565031982942432,0.13559322033898305
3,82,10,Sigmoid,0.15565031982942432,0.13559322033898305
3,79,71,Sigmoid,0.15565031982942432,0.13559322033898305
3,79,17,ReLU,0.8422174840085288,0.2288135593220339
5,69,24,ReLU,0.9019189765458422,0.288135593220339
3,87,61,Tanh,0.24093816631130063,0.1271186440677966
3,86,63,LeakyReLU,0.8784648187633263,0.3050847457627119
4,61,21,LeakyReLU,0.8656716417910447,0.2966101694915254
5,91,23,LeakyReLU,0.9104477611940298,0.2796610169491525
5,94,18,Sigmoid,0.15565031982942432,0.13559322033898305
5,99,11,Tanh,0.22174840085287847,0.1271186440677966
5,87,29,ReLU,0.906183368869936,0.2796610169491525
5,83,16,ReLU,0.8678038379530917,0.3050847457627119
4,56,24,ReLU,0.8763326226012793,0.2796610169491525
4,80,24,LeakyReLU,0.9104477611940298,0.2966101694915254
4,81,20,LeakyReLU,0.8933901918976546,0.2966101694915254
3,89,57,LeakyReLU,0.8464818763326226,0.3220338983050847
3,60,43,LeakyReLU,0.8976545842217484,0.2627118644067797
3,89,77,LeakyReLU,0.8571428571428571,0.288135593220339
3,95,75,ReLU,0.8784648187633263,0.2796610169491525
5,99,11,LeakyReLU,0.8187633262260128,0.2457627118644068
5,98,26,ReLU,0.9189765458422174,0.2627118644067797
4,97,21,Sigmoid,0.15565031982942432,0.13559322033898305
3,64,44,Sigmoid,0.15565031982942432,0.13559322033898305
5,92,13,Sigmoid,0.15565031982942432,0.13559322033898305
4,98,20,Tanh,0.22174840085287847,0.13559322033898305
4,83,25,LeakyReLU,0.9232409381663113,0.3220338983050847
5,98,18,Sigmoid,0.15565031982942432,0.13559322033898305
4,91,29,Sigmoid,0.15565031982942432,0.13559322033898305
5,76,15,ReLU,0.697228144989339,0.2288135593220339
5,99,34,ReLU,0.9104477611940298,0.3220338983050847
3,90,23,Sigmoid,0.15565031982942432,0.13559322033898305
4,99,14,Sigmoid,0.15565031982942432,0.13559322033898305
4,89,12,LeakyReLU,0.7164179104477612,0.22033898305084745
5,85,12,LeakyReLU,0.8869936034115139,0.288135593220339
5,45,13,LeakyReLU,0.8272921108742004,0.2542372881355932
3,90,36,ReLU,0.8763326226012793,0.288135593220339
5,94,28,Tanh,0.18763326226012794,0.11016949152542373
4,98,50,Tanh,0.23880597014925373,0.13559322033898305
3,67,48,LeakyReLU,0.9253731343283582,0.2966101694915254
5,81,10,LeakyReLU,0.6950959488272921,0.3050847457627119
5,81,12,Tanh,0.19189765458422176,0.1271186440677966
4,90,61,ReLU,0.908315565031983,0.288135593220339
4,64,34,Sigmoid,0.15565031982942432,0.13559322033898305
4,100,50,Sigmoid,0.15565031982942432,0.13559322033898305
4,46,31,ReLU,0.8742004264392325,0.2542372881355932
5,86,10,ReLU,0.8400852878464818,0.2796610169491525
4,49,12,Sigmoid,0.15565031982942432,0.13559322033898305
5,68,10,Sigmoid,0.15565031982942432,0.13559322033898305
5,88,22,Tanh,0.2302771855010661,0.13559322033898305
4,92,15,LeakyReLU,0.8614072494669509,0.3050847457627119
4,73,18,LeakyReLU,0.9040511727078892,0.2711864406779661
4,86,20,Tanh,0.21535181236673773,0.11016949152542373
4,87,39,LeakyReLU,0.908315565031983,0.2966101694915254
6,81,12,Tanh,0.17057569296375266,0.1271186440677966
4,88,17,Tanh,0.2302771855010661,0.11864406779661017
4,81,14,LeakyReLU,0.8166311300639659,0.2796610169491525
5,99,24,ReLU,0.908315565031983,0.2627118644067797
5,87,17,Tanh,0.2025586353944563,0.13559322033898305
3,96,85,Sigmoid,0.15565031982942432,0.13559322033898305
4,94,44,LeakyReLU,0.9168443496801706,0.2796610169491525
4,80,12,ReLU,0.8208955223880597,0.3135593220338983
3,98,31,LeakyReLU,0.8230277185501066,0.288135593220339
4,86,20,Tanh,0.208955223880597,0.1016949152542373
4,64,26,Sigmoid,0.15565031982942432,0.13559322033898305
5,87,20,LeakyReLU,0.8550106609808102,0.2457627118644068
4,65,44,Sigmoid,0.15565031982942432,0.13559322033898305
5,90,53,LeakyReLU,0.9189765458422174,0.3050847457627119
5,83,10,ReLU,0.8955223880597015,0.2966101694915254
4,94,38,Sigmoid,0.15565031982942432,0.13559322033898305
4,66,20,LeakyReLU,0.8443496801705757,0.288135593220339
3,88,50,Sigmoid,0.15565031982942432,0.13559322033898305
5,60,13,LeakyReLU,0.7825159914712153,0.23728813559322035
3,81,24,Tanh,0.24946695095948826,0.17796610169491525
4,90,45,Sigmoid,0.15565031982942432,0.13559322033898305
4,66,28,Tanh,0.255863539445629,0.16101694915254236
5,97,20,LeakyReLU,0.837953091684435,0.288135593220339
4,46,10,Sigmoid,0.15565031982942432,0.13559322033898305
2,31,31,LeakyReLU,0.7931769722814499,0.288135593220339
5,98,34,Sigmoid,0.15565031982942432,0.13559322033898305
4,89,34,LeakyReLU,0.9466950959488273,0.3135593220338983
5,97,21,Tanh,0.21961620469083157,0.19491525423728814
5,77,13,LeakyReLU,0.8486140724946695,0.3135593220338983
3,53,30,LeakyReLU,0.8017057569296375,0.2796610169491525
5,87,28,LeakyReLU,0.9317697228144989,0.2711864406779661
3,67,30,Tanh,0.2345415778251599,0.1271186440677966
4,57,14,LeakyReLU,0.8017057569296375,0.23728813559322035
4,92,15,Sigmoid,0.15565031982942432,0.13559322033898305
5,97,23,Tanh,0.22174840085287847,0.1271186440677966
4,81,15,LeakyReLU,0.8678038379530917,0.3050847457627119
4,88,15,ReLU,0.8912579957356077,0.2627118644067797
2,98,54,ReLU,0.5948827292110874,0.2711864406779661
5,63,12,Sigmoid,0.15565031982942432,0.13559322033898305
5,65,16,Tanh,0.18763326226012794,0.19491525423728814
4,100,45,Sigmoid,0.15565031982942432,0.13559322033898305
6,86,15,Sigmoid,0.15565031982942432,0.13559322033898305
4,92,13,Sigmoid,0.15565031982942432,0.13559322033898305
3,89,66,LeakyReLU,0.8784648187633263,0.288135593220339
4,91,29,Sigmoid,0.15565031982942432,0.13559322033898305
4,95,10,ReLU,0.7334754797441365,0.2627118644067797
4,56,10,LeakyReLU,0.6631130063965884,0.2033898305084746
4,46,24,ReLU,0.8635394456289979,0.3135593220338983
3,95,13,Tanh,0.208955223880597,0.1440677966101695
5,81,10,LeakyReLU,0.7953091684434968,0.2966101694915254
3,86,11,ReLU,0.5756929637526652,0.2288135593220339
5,90,36,ReLU,0.9211087420042644,0.3135593220338983
3,33,15,Tanh,0.18976545842217485,0.11864406779661017
5,98,10,Sigmoid,0.15565031982942432,0.13559322033898305
3,54,31,Tanh,0.26865671641791045,0.13559322033898305
4,33,11,ReLU,0.6695095948827292,0.22033898305084745
3,90,61,ReLU,0.9168443496801706,0.288135593220339
5,90,18,LeakyReLU,0.8720682302771855,0.288135593220339
3,46,10,ReLU,0.7846481876332623,0.2542372881355932
3,62,18,LeakyReLU,0.7334754797441365,0.22033898305084745
5,89,16,ReLU,0.8486140724946695,0.2627118644067797
5,61,4,ReLU,0.3283582089552239,0.1271186440677966
4,94,24,LeakyReLU,0.906183368869936,0.288135593220339
4,83,28,LeakyReLU,0.8955223880597015,0.2966101694915254
5,100,26,LeakyReLU,0.8912579957356077,0.2627118644067797
5,42,10,ReLU,0.8443496801705757,0.2542372881355932
3,86,11,ReLU,0.6140724946695096,0.2542372881355932
4,37,20,ReLU,0.8422174840085288,0.2627118644067797
5,92,15,Sigmoid,0.15565031982942432,0.13559322033898305
3,98,30,LeakyReLU,0.8912579957356077,0.2796610169491525
4,91,20,Tanh,0.22174840085287847,0.1271186440677966
5,97,15,Tanh,0.2068230277185501,0.1016949152542373
3,92,61,Tanh,0.36886993603411516,0.2033898305084746
5,87,17,Tanh,0.2281449893390192,0.07627118644067797
4,88,50,Sigmoid,0.15565031982942432,0.13559322033898305
3,97,64,ReLU,0.8486140724946695,0.288135593220339
3,77,24,LeakyReLU,0.8059701492537313,0.288135593220339
4,88,17,Sigmoid,0.15565031982942432,0.13559322033898305
5,99,17,ReLU,0.7590618336886994,0.2711864406779661
5,57,20,ReLU,0.7953091684434968,0.3135593220338983
4,89,45,Tanh,0.2771855010660981,0.11864406779661017
2,45,38,Tanh,0.24733475479744135,0.1440677966101695
5,92,28,LeakyReLU,0.9040511727078892,0.2966101694915254
3,88,17,Sigmoid,0.15565031982942432,0.13559322033898305
5,99,11,Tanh,0.232409381663113,0.11864406779661017
4,97,30,Tanh,0.27505330490405117,0.1016949152542373
5,83,32,Sigmoid,0.15565031982942432,0.13559322033898305
3,90,47,LeakyReLU,0.9168443496801706,0.2796610169491525
6,89,30,LeakyReLU,0.8251599147121536,0.2627118644067797
4,83,20,LeakyReLU,0.8869936034115139,0.2966101694915254
4,98,50,Tanh,0.2921108742004264,0.2033898305084746
5,98,20,LeakyReLU,0.908315565031983,0.2966101694915254
5,88,17,ReLU,0.8848614072494669,0.2542372881355932
5,94,37,LeakyReLU,0.9168443496801706,0.2796610169491525
5,97,21,Sigmoid,0.15565031982942432,0.13559322033898305
4,98,17,ReLU,0.8592750533049041,0.3220338983050847
4,83,20,ReLU,0.8997867803837953,0.3050847457627119
5,94,44,Tanh,0.21321961620469082,0.1694915254237288
5,87,17,Tanh,0.2579957356076759,0.15254237288135594
3,98,62,Tanh,0.2857142857142857,0.13559322033898305
4,46,16,ReLU,0.8059701492537313,0.2711864406779661
3,65,12,ReLU,0.767590618336887,0.2711864406779661
5,46,3,ReLU,0.2942430703624733,0.1694915254237288
4,65,1,ReLU,0.26439232409381663,0.1864406779661017
4,56,14,LeakyReLU,0.8208955223880597,0.2627118644067797
5,37,10,Sigmoid,0.15565031982942432,0.13559322033898305
5,52,15,ReLU,0.835820895522388,0.2457627118644068
3,62,26,LeakyReLU,0.8720682302771855,0.2966101694915254
5,54,13,ReLU,0.7889125799573561,0.2033898305084746
4,62,11,LeakyReLU,0.8422174840085288,0.288135593220339
3,65,30,ReLU,0.8933901918976546,0.3135593220338983
4,57,20,ReLU,0.9232409381663113,0.288135593220339
4,38,16,LeakyReLU,0.8017057569296375,0.2796610169491525
1,31,31,LeakyReLU,0.42857142857142855,0.2033898305084746
4,56,11,ReLU,0.7547974413646056,0.2457627118644068
4,56,11,LeakyReLU,0.697228144989339,0.2288135593220339
4,66,20,LeakyReLU,0.9317697228144989,0.2627118644067797
4,47,13,ReLU,0.8571428571428571,0.2711864406779661
5,90,53,ReLU,0.9147121535181236,0.2627118644067797
4,81,21,LeakyReLU,0.8955223880597015,0.288135593220339
4,88,15,ReLU,0.8571428571428571,0.3050847457627119
3,99,57,ReLU,0.8635394456289979,0.2966101694915254
3,81,54,LeakyReLU,0.908315565031983,0.2966101694915254
4,81,20,Sigmoid,0.15565031982942432,0.13559322033898305
4,91,12,ReLU,0.8933901918976546,0.2966101694915254
5,97,10,ReLU,0.8038379530916845,0.3050847457627119
5,99,25,ReLU,0.8742004264392325,0.3135593220338983
4,89,24,LeakyReLU,0.9360341151385928,0.2966101694915254
3,89,50,LeakyReLU,0.8848614072494669,0.2796610169491525
2,92,86,LeakyReLU,0.7014925373134329,0.2796610169491525
4,83,24,ReLU,0.8912579957356077,0.3220338983050847
4,98,12,ReLU,0.7953091684434968,0.3220338983050847
4,81,45,LeakyReLU,0.8997867803837953,0.2796610169491525
6,90,40,ReLU,0.7803837953091685,0.288135593220339
3,98,17,ReLU,0.837953091684435,0.2711864406779661
5,98,10,LeakyReLU,0.605543710021322,0.2542372881355932
4,73,13,LeakyReLU,0.8272921108742004,0.3135593220338983
4,99,20,ReLU,0.8763326226012793,0.2542372881355932
5,88,17,Tanh,0.21748400852878466,0.16101694915254236
3,89,66,LeakyReLU,0.8763326226012793,0.2288135593220339
6,81,18,ReLU,0.7334754797441365,0.2288135593220339
4,98,17,ReLU,0.8976545842217484,0.2796610169491525
5,97,21,LeakyReLU,0.8272921108742004,0.2457627118644068
5,69,23,ReLU,0.8784648187633263,0.2711864406779661
3,67,63,LeakyReLU,0.9019189765458422,0.288135593220339
3,98,49,LeakyReLU,0.8422174840085288,0.2627118644067797
5,90,18,ReLU,0.8848614072494669,0.2457627118644068
5,100,37,LeakyReLU,0.9211087420042644,0.3305084745762712
4,94,40,ReLU,0.9360341151385928,0.3135593220338983
4,90,10,ReLU,0.5437100213219617,0.2033898305084746
3,62,20,ReLU,0.8464818763326226,0.2796610169491525
4,61,21,ReLU,0.8891257995735607,0.2711864406779661
4,65,25,LeakyReLU,0.8763326226012793,0.2966101694915254
4,57,20,ReLU,0.8528784648187633,0.3220338983050847
4,65,12,ReLU,0.8656716417910447,0.3050847457627119
3,65,21,LeakyReLU,0.8486140724946695,0.2627118644067797
4,57,34,Sigmoid,0.15565031982942432,0.13559322033898305
3,59,53,ReLU,0.8422174840085288,0.3559322033898305
4,61,12,ReLU,0.7867803837953091,0.3135593220338983
3,66,20,Tanh,0.22174840085287847,0.11864406779661017
5,57,13,LeakyReLU,0.7867803837953091,0.2711864406779661
4,62,24,ReLU,0.8869936034115139,0.2711864406779661
3,31,10,LeakyReLU,0.6823027718550106,0.23728813559322035
4,57,12,LeakyReLU,0.746268656716418,0.2457627118644068
4,56,24,LeakyReLU,0.8720682302771855,0.2711864406779661
3,46,11,ReLU,0.8272921108742004,0.2542372881355932
4,63,24,LeakyReLU,0.8123667377398721,0.2542372881355932
4,24,14,LeakyReLU,0.7484008528784648,0.1864406779661017
3,66,11,LeakyReLU,0.8208955223880597,0.3050847457627119
5,83,24,ReLU,0.8955223880597015,0.2796610169491525
5,94,55,LeakyReLU,0.9147121535181236,0.3135593220338983
5,99,34,ReLU,0.9189765458422174,0.2966101694915254
4,89,24,LeakyReLU,0.906183368869936,0.2711864406779661
3,89,57,ReLU,0.8187633262260128,0.2542372881355932
4,83,20,LeakyReLU,0.9040511727078892,0.3135593220338983
5,87,63,LeakyReLU,0.8848614072494669,0.2796610169491525
4,91,45,ReLU,0.9125799573560768,0.2711864406779661
4,94,26,LeakyReLU,0.8869936034115139,0.3135593220338983
3,87,66,LeakyReLU,0.8550106609808102,0.2711864406779661
3,80,47,ReLU,0.7910447761194029,0.2457627118644068
5,82,36,LeakyReLU,0.8699360341151386,0.2966101694915254
4,94,12,ReLU,0.9168443496801706,0.288135593220339
5,90,25,LeakyReLU,0.9232409381663113,0.2796610169491525
2,81,55,ReLU,0.7185501066098081,0.2966101694915254
5,83,14,LeakyReLU,0.8720682302771855,0.2627118644067797
4,94,20,ReLU,0.8763326226012793,0.2796610169491525
3,90,61,ReLU,0.8678038379530917,0.2966101694915254
4,97,31,ReLU,0.8742004264392325,0.2796610169491525
3,77,31,ReLU,0.8208955223880597,0.3135593220338983
4,98,31,LeakyReLU,0.9253731343283582,0.288135593220339
3,92,21,LeakyReLU,0.8805970149253731,0.3135593220338983
4,83,20,LeakyReLU,0.8784648187633263,0.288135593220339
3,83,16,LeakyReLU,0.7910447761194029,0.2796610169491525
5,99,35,Sigmoid,0.15565031982942432,0.13559322033898305
3,90,20,ReLU,0.8955223880597015,0.3050847457627119
3,68,30,LeakyReLU,0.8336886993603412,0.288135593220339
3,77,20,LeakyReLU,0.8464818763326226,0.2457627118644068
4,99,11,ReLU,0.8187633262260128,0.3050847457627119
4,98,17,ReLU,0.8400852878464818,0.3135593220338983
5,83,60,LeakyReLU,0.9211087420042644,0.2966101694915254
3,27,11,ReLU,0.652452025586354,0.2966101694915254
5,57,18,ReLU,0.8635394456289979,0.2542372881355932
4,62,24,ReLU,0.9104477611940298,0.3050847457627119
5,57,13,LeakyReLU,0.8720682302771855,0.2796610169491525
3,47,12,ReLU,0.7078891257995735,0.2627118644067797
3,63,24,LeakyReLU,0.8443496801705757,0.2966101694915254
2,41,38,LeakyReLU,0.7398720682302772,0.2457627118644068
3,66,31,ReLU,0.8571428571428571,0.288135593220339
3,27,12,ReLU,0.7782515991471215,0.22033898305084745
4,62,12,ReLU,0.8571428571428571,0.2796610169491525
6,63,17,ReLU,0.8933901918976546,0.3135593220338983
4,56,11,LeakyReLU,0.7185501066098081,0.2033898305084746
4,61,12,Sigmoid,0.15565031982942432,0.13559322033898305
3,66,17,LeakyReLU,0.7931769722814499,0.2542372881355932
4,60,21,LeakyReLU,0.8827292110874201,0.288135593220339
4,52,15,Tanh,0.2068230277185501,0.1440677966101695
3,45,11,LeakyReLU,0.6695095948827292,0.23728813559322035
4,63,32,LeakyReLU,0.9232409381663113,0.3050847457627119
4,59,34,ReLU,0.9445628997867804,0.3644067796610169
4,65,24,ReLU,0.8678038379530917,0.2711864406779661
3,65,11,LeakyReLU,0.8038379530916845,0.2966101694915254
5,60,24,ReLU,0.8933901918976546,0.2711864406779661
3,27,12,ReLU,0.6481876332622601,0.2711864406779661
2,46,31,ReLU,0.8081023454157783,0.23728813559322035
4,81,20,LeakyReLU,0.9168443496801706,0.2966101694915254
4,95,20,LeakyReLU,0.8614072494669509,0.3220338983050847
4,92,20,LeakyReLU,0.8784648187633263,0.2457627118644068
3,77,31,LeakyReLU,0.8997867803837953,0.2542372881355932
2,98,86,ReLU,0.7249466950959488,0.2711864406779661
6,92,5,ReLU,0.6439232409381663,0.2288135593220339
3,97,64,Tanh,0.32409381663113007,0.19491525423728814
3,83,33,ReLU,0.814498933901919,0.2711864406779661
4,98,25,ReLU,0.8251599147121536,0.3135593220338983
4,98,20,ReLU,0.9019189765458422,0.2711864406779661
3,98,20,Sigmoid,0.15565031982942432,0.13559322033898305
5,83,20,LeakyReLU,0.9040511727078892,0.3135593220338983
4,99,56,ReLU,0.8678038379530917,0.2033898305084746
5,90,36,ReLU,0.8336886993603412,0.288135593220339
3,71,60,LeakyReLU,0.9232409381663113,0.3135593220338983
3,78,38,LeakyReLU,0.8784648187633263,0.3135593220338983
4,99,47,ReLU,0.9125799573560768,0.3135593220338983
4,68,12,ReLU,0.8315565031982942,0.3220338983050847
4,81,17,ReLU,0.8486140724946695,0.2966101694915254
4,99,65,ReLU,0.9125799573560768,0.288135593220339
4,92,21,LeakyReLU,0.8038379530916845,0.288135593220339
3,77,63,LeakyReLU,0.8976545842217484,0.288135593220339
6,99,4,ReLU,0.44989339019189767,0.13559322033898305
4,98,12,ReLU,0.7739872068230277,0.2711864406779661
5,83,25,LeakyReLU,0.8720682302771855,0.2796610169491525
5,82,24,LeakyReLU,0.8827292110874201,0.2711864406779661
3,55,49,ReLU,0.906183368869936,0.2796610169491525
4,37,8,ReLU,0.5373134328358209,0.2711864406779661
3,37,20,LeakyReLU,0.835820895522388,0.2627118644067797
5,57,10,ReLU,0.6908315565031983,0.2457627118644068
4,65,12,ReLU,0.8848614072494669,0.23728813559322035
4,63,24,LeakyReLU,0.8827292110874201,0.2796610169491525
3,36,21,LeakyReLU,0.8464818763326226,0.3050847457627119
3,49,24,ReLU,0.906183368869936,0.2288135593220339
3,59,53,ReLU,0.9104477611940298,0.2711864406779661
4,66,28,LeakyReLU,0.9189765458422174,0.3135593220338983
3,55,11,ReLU,0.7739872068230277,0.22033898305084745
4,57,20,ReLU,0.8123667377398721,0.288135593220339
4,31,17,LeakyReLU,0.7718550106609808,0.2627118644067797
4,62,24,LeakyReLU,0.8656716417910447,0.2711864406779661
4,63,21,Sigmoid,0.15565031982942432,0.13559322033898305
3,46,11,LeakyReLU,0.7420042643923241,0.3050847457627119
4,62,25,LeakyReLU,0.9360341151385928,0.288135593220339
4,61,12,ReLU,0.8272921108742004,0.3050847457627119
4,61,27,LeakyReLU,0.8827292110874201,0.3305084745762712
4,63,46,LeakyReLU,0.9466950959488273,0.3050847457627119
3,63,12,LeakyReLU,0.6012793176972282,0.2796610169491525
5,99,25,ReLU,0.8891257995735607,0.2966101694915254
4,98,63,ReLU,0.8891257995735607,0.2711864406779661
4,80,24,LeakyReLU,0.9168443496801706,0.3220338983050847
4,83,20,ReLU,0.8976545842217484,0.2796610169491525
2,90,61,ReLU,0.7398720682302772,0.3135593220338983
5,98,10,LeakyReLU,0.7867803837953091,0.2542372881355932
5,99,32,LeakyReLU,0.908315565031983,0.3135593220338983
4,80,24,Sigmoid,0.15565031982942432,0.13559322033898305
3,97,48,ReLU,0.8869936034115139,0.3050847457627119
4,92,12,ReLU,0.8656716417910447,0.2457627118644068
3,83,20,ReLU,0.8805970149253731,0.2966101694915254
3,95,20,LeakyReLU,0.6204690831556503,0.2288135593220339
4,73,22,LeakyReLU,0.9040511727078892,0.2796610169491525
4,98,25,LeakyReLU,0.908315565031983,0.2627118644067797
3,77,23,LeakyReLU,0.8464818763326226,0.3135593220338983
4,83,45,Sigmoid,0.15565031982942432,0.13559322033898305
3,90,68,LeakyReLU,0.9402985074626866,0.3135593220338983
4,80,47,ReLU,0.9424307036247335,0.3305084745762712
3,81,57,ReLU,0.8230277185501066,0.2966101694915254
5,83,25,LeakyReLU,0.9232409381663113,0.3050847457627119
4,98,11,ReLU,0.7249466950959488,0.2627118644067797
3,86,31,ReLU,0.9040511727078892,0.3135593220338983
3,83,59,LeakyReLU,0.8784648187633263,0.2966101694915254
3,70,20,LeakyReLU,0.8848614072494669,0.2542372881355932
3,99,11,ReLU,0.746268656716418,0.3050847457627119
5,94,24,ReLU,0.9189765458422174,0.2796610169491525
5,81,16,ReLU,0.8635394456289979,0.288135593220339
3,88,15,ReLU,0.8123667377398721,0.2711864406779661
5,90,10,ReLU,0.8592750533049041,0.2627118644067797
3,59,52,ReLU,0.9104477611940298,0.3305084745762712
4,50,14,LeakyReLU,0.6417910447761194,0.2288135593220339
5,31,10,Sigmoid,0.15565031982942432,0.13559322033898305
4,61,17,ReLU,0.7931769722814499,0.2627118644067797
3,61,27,LeakyReLU,0.8784648187633263,0.288135593220339
4,59,24,ReLU,0.9147121535181236,0.3220338983050847
4,65,20,LeakyReLU,0.9211087420042644,0.2796610169491525
3,57,38,LeakyReLU,0.9147121535181236,0.288135593220339
5,63,27,LeakyReLU,0.7590618336886994,0.2796610169491525
4,56,11,ReLU,0.6929637526652452,0.288135593220339
3,62,13,LeakyReLU,0.8251599147121536,0.2966101694915254
2,62,26,ReLU,0.8038379530916845,0.288135593220339
6,63,16,ReLU,0.6439232409381663,0.23728813559322035
3,27,12,ReLU,0.7334754797441365,0.288135593220339
3,56,21,LeakyReLU,0.8592750533049041,0.3305084745762712
6,63,17,ReLU,0.8251599147121536,0.3050847457627119
5,61,1,ReLU,0.21535181236673773,0.11864406779661017
4,63,11,LeakyReLU,0.7953091684434968,0.3305084745762712
4,66,16,ReLU,0.6993603411513859,0.2457627118644068
5,65,11,LeakyReLU,0.6695095948827292,0.2711864406779661
5,62,13,LeakyReLU,0.8081023454157783,0.2457627118644068
3,65,59,LeakyReLU,0.5778251599147122,0.2457627118644068
3,33,24,LeakyReLU,0.8081023454157783,0.2288135593220339
4,60,28,LeakyReLU,0.8976545842217484,0.3135593220338983
5,82,20,LeakyReLU,0.908315565031983,0.2966101694915254
5,99,31,ReLU,0.8720682302771855,0.2627118644067797
3,70,12,ReLU,0.7164179104477612,0.2457627118644068
3,83,60,LeakyReLU,0.9232409381663113,0.3050847457627119
3,78,57,LeakyReLU,0.8656716417910447,0.3644067796610169
4,83,17,ReLU,0.8102345415778252,0.2542372881355932
4,88,15,ReLU,0.8400852878464818,0.288135593220339
3,68,12,ReLU,0.8208955223880597,0.2796610169491525
4,67,54,ReLU,0.9232409381663113,0.3305084745762712
4,86,12,LeakyReLU,0.8315565031982942,0.2627118644067797
3,89,53,LeakyReLU,0.8933901918976546,0.2966101694915254
4,83,56,ReLU,0.8891257995735607,0.3389830508474576
4,83,24,ReLU,0.8827292110874201,0.3220338983050847
3,86,31,ReLU,0.8869936034115139,0.2711864406779661
3,86,55,LeakyReLU,0.8955223880597015,0.2627118644067797
5,81,17,LeakyReLU,0.8614072494669509,0.2457627118644068
4,83,11,Sigmoid,0.15565031982942432,0.13559322033898305
3,68,32,LeakyReLU,0.9253731343283582,0.2796610169491525
3,89,34,LeakyReLU,0.6140724946695096,0.2457627118644068
3,83,36,LeakyReLU,0.9147121535181236,0.2966101694915254
3,81,59,ReLU,0.8742004264392325,0.288135593220339
5,98,20,LeakyReLU,0.7590618336886994,0.23728813559322035
5,94,16,LeakyReLU,0.8763326226012793,0.2796610169491525
3,81,27,LeakyReLU,0.8720682302771855,0.3389830508474576
5,89,13,ReLU,0.8678038379530917,0.2627118644067797
3,80,30,ReLU,0.8400852878464818,0.2966101694915254
4,63,46,LeakyReLU,0.9147121535181236,0.2711864406779661
3,52,45,ReLU,0.8699360341151386,0.2457627118644068
3,66,46,Tanh,0.2302771855010661,0.1016949152542373
3,60,29,LeakyReLU,0.8827292110874201,0.3050847457627119
4,59,34,LeakyReLU,0.9381663113006397,0.2966101694915254
6,63,17,LeakyReLU,0.8102345415778252,0.288135593220339
4,63,11,ReLU,0.7995735607675906,0.2288135593220339
3,63,45,ReLU,0.7931769722814499,0.2796610169491525
4,56,11,ReLU,0.7249466950959488,0.22033898305084745
4,63,17,ReLU,0.8614072494669509,0.2711864406779661
3,65,54,ReLU,0.8720682302771855,0.2796610169491525
4,57,14,ReLU,0.8848614072494669,0.2796610169491525
3,59,52,ReLU,0.9189765458422174,0.3050847457627119
4,65,16,ReLU,0.8507462686567164,0.288135593220339
3,27,12,ReLU,0.6801705756929638,0.211864406779661
4,46,16,ReLU,0.8827292110874201,0.2711864406779661
3,56,27,LeakyReLU,0.8656716417910447,0.2796610169491525
4,61,34,ReLU,0.9232409381663113,0.3135593220338983
2,57,20,ReLU,0.6929637526652452,0.2627118644067797
4,62,25,ReLU,0.9189765458422174,0.288135593220339
3,46,11,LeakyReLU,0.7505330490405118,0.23728813559322035
4,56,31,ReLU,0.9189765458422174,0.3050847457627119
6,63,17,ReLU,0.8422174840085288,0.288135593220339
4,60,28,LeakyReLU,0.8955223880597015,0.3050847457627119
3,53,30,LeakyReLU,0.8763326226012793,0.2796610169491525
4,60,12,LeakyReLU,0.8592750533049041,0.23728813559322035
3,61,21,ReLU,0.8635394456289979,0.288135593220339
4,66,12,ReLU,0.8997867803837953,0.2966101694915254
4,56,24,ReLU,0.908315565031983,0.2627118644067797
4,60,28,LeakyReLU,0.9104477611940298,0.2966101694915254
4,32,11,ReLU,0.7803837953091685,0.3220338983050847
4,94,8,LeakyReLU,0.7270788912579957,0.2542372881355932
3,90,27,Sigmoid,0.15565031982942432,0.13559322033898305
3,78,11,Sigmoid,0.15565031982942432,0.13559322033898305
4,98,17,ReLU,0.7761194029850746,0.3135593220338983
3,78,27,Tanh,0.2260127931769723,0.11864406779661017
6,82,23,ReLU,0.8784648187633263,0.2457627118644068
5,90,24,LeakyReLU,0.8955223880597015,0.2627118644067797
5,82,31,ReLU,0.9189765458422174,0.2711864406779661
3,90,59,LeakyReLU,0.7590618336886994,0.2288135593220339
3,83,60,LeakyReLU,0.8891257995735607,0.2796610169491525
3,83,66,ReLU,0.9019189765458422,0.2796610169491525
5,100,37,ReLU,0.9189765458422174,0.2966101694915254
3,69,45,ReLU,0.7953091684434968,0.2796610169491525
4,80,30,LeakyReLU,0.9211087420042644,0.2796610169491525
4,94,26,LeakyReLU,0.8571428571428571,0.288135593220339
5,83,25,LeakyReLU,0.8933901918976546,0.2711864406779661
4,83,20,LeakyReLU,0.7761194029850746,0.2457627118644068
4,100,54,LeakyReLU,0.9402985074626866,0.2627118644067797
4,83,24,ReLU,0.8805970149253731,0.2711864406779661
4,61,27,LeakyReLU,0.906183368869936,0.2966101694915254
4,65,22,ReLU,0.8678038379530917,0.288135593220339
3,55,46,ReLU,0.8166311300639659,0.2627118644067797
3,61,27,Sigmoid,0.15565031982942432,0.13559322033898305
3,66,28,LeakyReLU,0.8997867803837953,0.3135593220338983
4,66,11,ReLU,0.7633262260127932,0.2457627118644068
5,57,20,LeakyReLU,0.835820895522388,0.2966101694915254
4,65,12,ReLU,0.8869936034115139,0.288135593220339
4,57,12,ReLU,0.7228144989339019,0.2796610169491525
3,46,11,LeakyReLU,0.7867803837953091,0.288135593220339
2,27,21,LeakyReLU,0.7846481876332623,0.2457627118644068
4,65,54,Sigmoid,0.15565031982942432,0.13559322033898305
4,62,12,ReLU,0.8656716417910447,0.2966101694915254
4,65,12,ReLU,0.8123667377398721,0.2796610169491525
4,63,11,LeakyReLU,0.7995735607675906,0.2711864406779661
3,27,12,ReLU,0.6140724946695096,0.2288135593220339
4,66,11,LeakyReLU,0.8123667377398721,0.2542372881355932
3,54,36,ReLU,0.906183368869936,0.288135593220339
4,31,15,LeakyReLU,0.8251599147121536,0.2796610169491525
4,60,13,ReLU,0.8400852878464818,0.288135593220339
4,46,24,LeakyReLU,0.8805970149253731,0.288135593220339
7,63,17,ReLU,0.5948827292110874,0.23728813559322035
3,52,27,ReLU,0.8464818763326226,0.2966101694915254
5,56,45,ReLU,0.8955223880597015,0.288135593220339
3,59,52,ReLU,0.9275053304904051,0.2966101694915254
4,61,21,LeakyReLU,0.8891257995735607,0.2627118644067797
4,62,24,LeakyReLU,0.8678038379530917,0.2457627118644068
3,63,11,LeakyReLU,0.8294243070362474,0.2796610169491525
3,46,11,LeakyReLU,0.7654584221748401,0.2711864406779661
4,59,34,ReLU,0.8997867803837953,0.2796610169491525
4,54,38,ReLU,0.9019189765458422,0.2966101694915254
4,63,11,ReLU,0.7398720682302772,0.2457627118644068
5,82,54,ReLU,0.9189765458422174,0.2796610169491525
3,77,20,LeakyReLU,0.8400852878464818,0.3050847457627119
4,83,56,ReLU,0.8571428571428571,0.2966101694915254
4,83,34,ReLU,0.9104477611940298,0.2966101694915254
3,71,20,ReLU,0.8805970149253731,0.3305084745762712
4,99,47,ReLU,0.9232409381663113,0.3050847457627119
4,67,24,ReLU,0.929637526652452,0.2796610169491525
4,77,13,LeakyReLU,0.8123667377398721,0.2796610169491525
6,99,25,ReLU,0.7825159914712153,0.2627118644067797
4,80,24,LeakyReLU,0.8976545842217484,0.2542372881355932
4,89,34,LeakyReLU,0.8955223880597015,0.2966101694915254
5,99,32,ReLU,0.8678038379530917,0.3050847457627119
3,90,20,ReLU,0.8912579957356077,0.2966101694915254
5,100,37,LeakyReLU,0.8933901918976546,0.3050847457627119
4,83,25,LeakyReLU,0.8827292110874201,0.2711864406779661
5,80,24,ReLU,0.8081023454157783,0.2288135593220339
3,71,57,LeakyReLU,0.8848614072494669,0.2966101694915254
5,99,34,ReLU,0.8805970149253731,0.2711864406779661
4,63,20,ReLU,0.8550106609808102,0.3050847457627119
3,57,20,ReLU,0.8507462686567164,0.288135593220339
4,46,11,LeakyReLU,0.7249466950959488,0.3135593220338983
3,56,17,LeakyReLU,0.7611940298507462,0.2966101694915254
4,57,20,ReLU,0.8784648187633263,0.2457627118644068
4,65,27,LeakyReLU,0.8912579957356077,0.3305084745762712
4,47,12,ReLU,0.7526652452025586,0.2711864406779661
3,47,12,LeakyReLU,0.7398720682302772,0.2711864406779661
4,32,11,LeakyReLU,0.7484008528784648,0.2457627118644068
4,63,34,ReLU,0.9147121535181236,0.3220338983050847
4,63,11,LeakyReLU,0.7931769722814499,0.2627118644067797
3,61,12,LeakyReLU,0.7718550106609808,0.23728813559322035
4,59,31,LeakyReLU,0.908315565031983,0.2966101694915254
3,65,60,LeakyReLU,0.8699360341151386,0.288135593220339
4,59,29,ReLU,0.8912579957356077,0.288135593220339
4,54,13,LeakyReLU,0.8848614072494669,0.2627118644067797
4,61,27,LeakyReLU,0.8827292110874201,0.2796610169491525
2,61,36,LeakyReLU,0.8102345415778252,0.2457627118644068
2,45,28,LeakyReLU,0.6950959488272921,0.2542372881355932
4,56,21,LeakyReLU,0.8550106609808102,0.2796610169491525
2,30,20,LeakyReLU,0.7526652452025586,0.2542372881355932
4,56,24,ReLU,0.8955223880597015,0.2627118644067797
4,59,34,ReLU,0.9189765458422174,0.2966101694915254
3,32,11,ReLU,0.7249466950959488,0.2288135593220339
3,55,28,LeakyReLU,0.8976545842217484,0.2796610169491525
6,63,17,ReLU,0.7782515991471215,0.2542372881355932
4,60,12,LeakyReLU,0.8742004264392325,0.2796610169491525
3,20,12,ReLU,0.7547974413646056,0.3050847457627119
5,71,20,ReLU,0.7654584221748401,0.2711864406779661
4,83,65,LeakyReLU,0.8592750533049041,0.288135593220339
3,83,31,ReLU,0.8507462686567164,0.23728813559322035
4,83,24,ReLU,0.8678038379530917,0.2711864406779661
4,68,36,LeakyReLU,0.9104477611940298,0.2627118644067797
4,98,13,LeakyReLU,0.7825159914712153,0.2542372881355932
6,100,31,LeakyReLU,0.8059701492537313,0.3050847457627119
3,89,34,LeakyReLU,0.8742004264392325,0.288135593220339
3,81,27,ReLU,0.8848614072494669,0.2627118644067797
4,99,40,ReLU,0.9125799573560768,0.288135593220339
4,68,55,LeakyReLU,0.9104477611940298,0.2796610169491525
4,98,11,ReLU,0.8592750533049041,0.23728813559322035
4,83,20,LeakyReLU,0.8635394456289979,0.2966101694915254
5,100,37,ReLU,0.9125799573560768,0.288135593220339
3,83,24,ReLU,0.8656716417910447,0.3050847457627119
3,81,38,LeakyReLU,0.8869936034115139,0.2457627118644068
4,102,11,LeakyReLU,0.7484008528784648,0.2796610169491525
4,68,24,ReLU,0.9040511727078892,0.2796610169491525
3,81,15,ReLU,0.673773987206823,0.2288135593220339
3,81,27,ReLU,0.8784648187633263,0.2966101694915254
4,82,34,ReLU,0.8891257995735607,0.2711864406779661
4,98,12,ReLU,0.8400852878464818,0.2711864406779661
4,57,24,ReLU,0.9147121535181236,0.2966101694915254
3,59,52,ReLU,0.8422174840085288,0.2796610169491525
3,55,11,ReLU,0.7611940298507462,0.2966101694915254
3,63,57,ReLU,0.8869936034115139,0.2796610169491525
4,57,34,ReLU,0.8997867803837953,0.3559322033898305
4,57,27,LeakyReLU,0.8933901918976546,0.2627118644067797
5,63,45,ReLU,0.9424307036247335,0.288135593220339
4,63,46,ReLU,0.9530916844349681,0.2796610169491525
4,61,12,ReLU,0.8486140724946695,0.2966101694915254
4,65,21,ReLU,0.8955223880597015,0.2711864406779661
4,59,34,ReLU,0.9317697228144989,0.3050847457627119
3,46,11,LeakyReLU,0.7014925373134329,0.2627118644067797
4,63,16,ReLU,0.908315565031983,0.3220338983050847
4,64,18,LeakyReLU,0.8635394456289979,0.23728813559322035
2,61,17,ReLU,0.7697228144989339,0.2711864406779661
4,59,31,ReLU,0.8848614072494669,0.3305084745762712
4,59,24,ReLU,0.908315565031983,0.2966101694915254
4,49,13,LeakyReLU,0.7121535181236673,0.23728813559322035
4,46,24,ReLU,0.8869936034115139,0.3220338983050847
4,60,24,ReLU,0.9019189765458422,0.2966101694915254
4,63,24,ReLU,0.9040511727078892,0.2796610169491525
3,63,32,LeakyReLU,0.7654584221748401,0.2796610169491525
4,65,21,LeakyReLU,0.8102345415778252,0.2627118644067797
5,59,8,ReLU,0.7547974413646056,0.2542372881355932
3,53,27,LeakyReLU,0.8635394456289979,0.288135593220339
5,61,35,LeakyReLU,0.9189765458422174,0.3135593220338983
3,63,11,LeakyReLU,0.7910447761194029,0.2711864406779661
2,57,52,ReLU,0.7974413646055437,0.2796610169491525
3,56,11,ReLU,0.7782515991471215,0.2457627118644068
3,56,21,LeakyReLU,0.8400852878464818,0.2627118644067797
4,62,11,ReLU,0.7611940298507462,0.3305084745762712
6,63,17,Tanh,0.16844349680170576,0.1271186440677966
4,65,12,ReLU,0.8123667377398721,0.2542372881355932
4,63,45,LeakyReLU,0.8805970149253731,0.2966101694915254
3,55,24,ReLU,0.8422174840085288,0.2966101694915254
4,60,21,LeakyReLU,0.8933901918976546,0.3389830508474576
4,36,24,LeakyReLU,0.7995735607675906,0.2711864406779661
4,84,50,LeakyReLU,0.9381663113006397,0.2711864406779661
3,99,56,ReLU,0.8891257995735607,0.3135593220338983
4,99,27,LeakyReLU,0.8784648187633263,0.288135593220339
3,81,66,ReLU,0.8635394456289979,0.3050847457627119
4,98,20,ReLU,0.8955223880597015,0.288135593220339
5,99,25,ReLU,0.8933901918976546,0.2711864406779661
4,90,36,ReLU,0.8955223880597015,0.288135593220339
4,83,47,ReLU,0.906183368869936,0.3135593220338983
3,88,15,ReLU,0.8315565031982942,0.3220338983050847
4,90,34,ReLU,0.9253731343283582,0.3135593220338983
4,83,17,ReLU,0.9019189765458422,0.3220338983050847
6,83,5,ReLU,0.6652452025586354,0.288135593220339
5,99,55,LeakyReLU,0.9339019189765458,0.2966101694915254
3,59,12,ReLU,0.8208955223880597,0.288135593220339
4,59,24,ReLU,0.8976545842217484,0.2627118644067797
4,66,12,ReLU,0.8528784648187633,0.288135593220339
3,66,27,LeakyReLU,0.8336886993603412,0.3135593220338983
5,47,11,ReLU,0.5842217484008528,0.2627118644067797
4,65,36,LeakyReLU,0.908315565031983,0.3050847457627119
4,65,35,ReLU,0.9125799573560768,0.2796610169491525
3,65,30,ReLU,0.908315565031983,0.3050847457627119
4,61,20,LeakyReLU,0.8827292110874201,0.2966101694915254
5,61,18,LeakyReLU,0.7910447761194029,0.2627118644067797
4,56,27,LeakyReLU,0.9253731343283582,0.2796610169491525
4,57,24,ReLU,0.8784648187633263,0.3050847457627119
4,66,27,LeakyReLU,0.9019189765458422,0.2966101694915254
3,55,11,ReLU,0.7910447761194029,0.2966101694915254
4,37,15,LeakyReLU,0.8571428571428571,0.3050847457627119
3,65,17,ReLU,0.8336886993603412,0.23728813559322035
4,62,17,ReLU,0.8955223880597015,0.2542372881355932
4,57,20,ReLU,0.8699360341151386,0.2796610169491525
3,47,12,LeakyReLU,0.8251599147121536,0.288135593220339
4,57,34,ReLU,0.9189765458422174,0.3050847457627119
3,66,27,LeakyReLU,0.9147121535181236,0.2796610169491525
3,36,27,LeakyReLU,0.8187633262260128,0.288135593220339
4,46,11,ReLU,0.7846481876332623,0.2711864406779661
4,61,20,ReLU,0.8955223880597015,0.2542372881355932
4,65,11,ReLU,0.8272921108742004,0.2627118644067797
4,65,55,ReLU,0.9275053304904051,0.3050847457627119
4,63,12,ReLU,0.8464818763326226,0.2542372881355932
5,57,11,ReLU,0.8230277185501066,0.288135593220339
4,57,34,ReLU,0.9019189765458422,0.2711864406779661
4,61,21,ReLU,0.8656716417910447,0.3135593220338983
4,62,1,ReLU,0.24093816631130063,0.1016949152542373
4,65,6,LeakyReLU,0.6311300639658849,0.2542372881355932
4,65,27,LeakyReLU,0.9253731343283582,0.3728813559322034
4,32,11,ReLU,0.767590618336887,0.3135593220338983
3,57,53,Sigmoid,0.15565031982942432,0.13559322033898305
4,60,11,LeakyReLU,0.8422174840085288,0.2711864406779661
3,65,17,ReLU,0.8017057569296375,0.2966101694915254
3,59,51,ReLU,0.9104477611940298,0.2627118644067797
6,47,17,ReLU,0.8550106609808102,0.3135593220338983
3,81,23,LeakyReLU,0.8784648187633263,0.3135593220338983
5,100,37,LeakyReLU,0.9253731343283582,0.2627118644067797
3,90,52,ReLU,0.9019189765458422,0.2542372881355932
4,94,46,LeakyReLU,0.8486140724946695,0.23728813559322035
4,83,28,LeakyReLU,0.8678038379530917,0.2966101694915254
4,90,40,ReLU,0.9402985074626866,0.2796610169491525
5,99,55,ReLU,0.8912579957356077,0.2711864406779661
4,90,24,ReLU,0.8656716417910447,0.2711864406779661
3,81,59,LeakyReLU,0.9275053304904051,0.288135593220339
3,81,36,LeakyReLU,0.8614072494669509,0.2796610169491525
4,80,12,ReLU,0.814498933901919,0.2542372881355932
